71
YP_211657.1_iii              0.0000000 2.2939758 2.3010839 2.3010839 2.4058014 2.1924355 2.3212961 2.2783077 2.2776627 2.2562393 2.2542744 2.2621709 2.2409020 2.2863382 2.3641835 2.2305764 2.2619163 2.2619163 2.2268073 2.2986976 2.3150956 2.2986976 2.2799706 2.3093610 2.2735443 2.3183224 2.3183224 2.2363647 2.0995058 2.0475398 2.1042462 2.0896530 2.2288243 2.2591280 2.2709760 2.3111020 2.3631591 2.3597744 2.3532333 2.3584888 2.4229657 2.4271855 2.4359430 2.4982470 2.5667928 2.5672823 2.4887618 2.5334359 2.5122264 2.4584152 2.4663529 2.5077935 2.4696496 2.2393565 2.2466115 2.2294088 2.1839624 2.1748347 2.3385867 2.3747331 2.3760067 2.2735350 2.3064468 2.2449557 2.4870096 2.2030698 2.2134497 2.2522757 2.2522757 2.3519518 2.3561158 
NC_003143_i3                 2.2939758 0.0000000 0.0071921 0.0071921 0.2338703 0.5420812 0.5867780 0.5317117 0.5357554 0.5354514 0.5375484 0.5329671 0.5146969 0.5233605 0.5464414 0.4844423 0.5317357 0.5317357 0.5335731 0.6007140 0.6013065 0.6007140 0.5385941 0.5645791 0.9915053 1.0000212 0.9976867 0.9921726 0.9653119 0.9679556 0.9646620 0.9629678 0.9560936 0.9912705 0.9707898 0.9166964 0.9226191 0.9135589 0.8995303 0.8973048 0.9909421 1.2744070 1.3130795 1.3076803 1.2880531 1.2804193 1.2965329 1.2255737 1.2450029 1.2542458 1.2398021 1.2417546 1.2198759 1.2722405 1.2721438 1.2848288 1.2253273 1.2295630 1.2766714 1.2765749 1.2759434 1.3620833 1.3343546 1.2821745 1.2735000 1.2502790 1.2653870 1.2646499 1.2646499 1.2661451 1.2328788 
NC_009708_i3                 2.3010839 0.0071921 0.0000000 0.0000010 0.2340077 0.5465641 0.5872097 0.5321849 0.5362321 0.5359269 0.5380258 0.5334403 0.5159918 0.5262882 0.5467822 0.4835215 0.5309897 0.5309897 0.5334350 0.5984998 0.5991063 0.5984998 0.5385941 0.5674220 0.9935748 0.9995988 0.9972675 0.9915425 0.9712954 0.9734833 0.9695977 0.9678921 0.9518028 0.9979674 0.9774133 0.9106303 0.9165865 0.9074156 0.8958178 0.8936069 0.9912179 1.2744070 1.3128609 1.3076803 1.2985612 1.2908626 1.2998744 1.2287765 1.2383484 1.2605755 1.2406424 1.2446849 1.2169490 1.2745838 1.2744876 1.2836504 1.2297874 1.2340367 1.2812097 1.2789601 1.2783263 1.3596830 1.3324547 1.2810840 1.2712521 1.2391392 1.2555061 1.2601198 1.2601198 1.2730862 1.2373985 
NC_010465_i3                 2.3010839 0.0071921 0.0000010 0.0000000 0.2340077 0.5465641 0.5872097 0.5321849 0.5362321 0.5359269 0.5380258 0.5334403 0.5159918 0.5262882 0.5467822 0.4835215 0.5309897 0.5309897 0.5334350 0.5984998 0.5991063 0.5984998 0.5385941 0.5674220 0.9935748 0.9995988 0.9972675 0.9915425 0.9712954 0.9734833 0.9695977 0.9678921 0.9518028 0.9979674 0.9774133 0.9106303 0.9165865 0.9074156 0.8958178 0.8936069 0.9912179 1.2744070 1.3128609 1.3076803 1.2985612 1.2908626 1.2998744 1.2287765 1.2383484 1.2605755 1.2406424 1.2446849 1.2169490 1.2745838 1.2744876 1.2836504 1.2297874 1.2340367 1.2812097 1.2789601 1.2783263 1.3596830 1.3324547 1.2810840 1.2712521 1.2391392 1.2555061 1.2601198 1.2601198 1.2730862 1.2373985 
NC_020211_2_i3               2.4058014 0.2338703 0.2340077 0.2340077 0.0000000 0.5668872 0.6129862 0.5590789 0.5655361 0.5662117 0.5641977 0.5655334 0.5482725 0.5440790 0.5783359 0.5120960 0.5522941 0.5522941 0.5593363 0.6114397 0.6134102 0.6114397 0.5599328 0.5826455 0.9809403 1.0105079 1.0081469 1.0028481 0.9580214 0.9377536 0.9577720 0.9570702 0.9733493 1.0282677 1.0050756 0.9118661 0.9351040 0.9222610 0.9142174 0.9085685 0.9837346 1.2493174 1.2656367 1.2570331 1.2477722 1.2447359 1.2700201 1.2489173 1.2298069 1.2753571 1.2255207 1.2523772 1.2180013 1.2445635 1.2444607 1.2319204 1.1681775 1.1674267 1.2329054 1.2252103 1.2253283 1.3192050 1.3112912 1.2703942 1.2812117 1.2424255 1.2404509 1.2372129 1.2372129 1.2652384 1.2247526 
NC_008752_i3                 2.1924355 0.5420812 0.5465641 0.5465641 0.5668872 0.0000000 0.2529279 0.2682050 0.2709379 0.2736475 0.2735373 0.2736321 0.2840835 0.2918584 0.3046716 0.2741264 0.2897096 0.2897096 0.3052783 0.3232234 0.3199855 0.3232234 0.2721578 0.3114502 0.9941060 0.8785209 0.8764942 0.8792025 0.8885543 0.8673544 0.8823002 0.8896746 0.8633823 0.9102535 0.8846187 0.8362352 0.8469187 0.8412982 0.8438392 0.8372050 0.8654708 1.2301963 1.2376570 1.1766687 1.2078371 1.2004013 1.2076932 1.1516770 1.1835743 1.2096385 1.1625339 1.1618759 1.2131704 1.1983949 1.2005199 1.2091708 1.1094927 1.1143891 1.2365046 1.2248767 1.2244965 1.2590561 1.2569495 1.2172524 1.2518835 1.2069476 1.1973586 1.2270020 1.2270020 1.2359466 1.2076215 
NC_002927_i3                 2.3212961 0.5867780 0.5872097 0.5872097 0.6129862 0.2529279 0.0000000 0.2174435 0.2158010 0.2248632 0.2248408 0.2231648 0.2353934 0.2522446 0.2442138 0.2993195 0.3140088 0.3140088 0.3190395 0.3463841 0.3449769 0.3463841 0.2995435 0.3189507 1.0111469 0.8655221 0.8635319 0.8860885 0.9172939 0.8955665 0.9021883 0.9102839 0.8439375 0.8862018 0.8623968 0.8672030 0.8761729 0.8686284 0.8582498 0.8545927 0.9036185 1.2598324 1.2597553 1.2064663 1.2457849 1.2394455 1.2205719 1.1823280 1.2262904 1.2245181 1.1683931 1.1587562 1.2443466 1.2277103 1.2291988 1.2479764 1.1485885 1.1608564 1.2098637 1.2045739 1.2091454 1.2418680 1.2464065 1.2293499 1.2459212 1.2367513 1.2353288 1.2270382 1.2270382 1.2422019 1.1960225 
NC_020064_i3                 2.2783077 0.5317117 0.5321849 0.5321849 0.5590789 0.2682050 0.2174435 0.0000000 0.0479970 0.0496358 0.0450392 0.0479887 0.1666281 0.1609412 0.1681851 0.3037916 0.3422363 0.3422363 0.3350083 0.3353350 0.3319961 0.3353350 0.2962953 0.3237669 0.9766225 0.8616457 0.8596602 0.8808391 0.8813805 0.8642151 0.8776813 0.8839509 0.8547528 0.9046954 0.8811068 0.8408953 0.8483478 0.8441280 0.8502113 0.8513823 0.8638811 1.2512155 1.2472731 1.2027685 1.2221094 1.2148744 1.2320756 1.1854953 1.2113253 1.2423319 1.2027207 1.1953273 1.2117051 1.2216800 1.2238539 1.2462894 1.1174965 1.1191061 1.2352491 1.2100637 1.2146474 1.2973691 1.2821313 1.2001471 1.2612888 1.2360378 1.2380965 1.2714404 1.2714404 1.2419538 1.2166783 
NC_009832_i3                 2.2776627 0.5357554 0.5362321 0.5362321 0.5655361 0.2709379 0.2158010 0.0479970 0.0000000 0.0288148 0.0288272 0.0259171 0.1556307 0.1549493 0.1491988 0.2925873 0.3343738 0.3343738 0.3237494 0.3373583 0.3340261 0.3373583 0.3025147 0.3259035 0.9920643 0.8748927 0.8728800 0.8887727 0.8873649 0.8747803 0.8838104 0.8887477 0.8416388 0.8966928 0.8733160 0.8538727 0.8567079 0.8526869 0.8642431 0.8661367 0.8583188 1.2552584 1.2491795 1.1931021 1.2054262 1.1982547 1.2148227 1.1755389 1.1897180 1.2279848 1.1846019 1.1773915 1.2181661 1.2319411 1.2334366 1.2603776 1.1177548 1.1281860 1.2454401 1.2193119 1.2239181 1.3043485 1.2903340 1.2000714 1.2681513 1.2310206 1.2335655 1.2543925 1.2543925 1.2546275 1.2161707 
SM39                         2.2562393 0.5354514 0.5359269 0.5359269 0.5662117 0.2736475 0.2248632 0.0496358 0.0288148 0.0000000 0.0057116 0.0028528 0.1579493 0.1625843 0.1529592 0.2946288 0.3378205 0.3378205 0.3276255 0.3356886 0.3323693 0.3356886 0.3025736 0.3319348 0.9841746 0.8770793 0.8750563 0.8802795 0.8879300 0.8836777 0.8902705 0.8952443 0.8514957 0.9055883 0.8800769 0.8589948 0.8627422 0.8588630 0.8749112 0.8785042 0.8648110 1.2485503 1.2564022 1.1999673 1.2156010 1.2083952 1.2371735 1.1816087 1.1979563 1.2447554 1.2008247 1.1884116 1.2290030 1.2255647 1.2308705 1.2596143 1.1157283 1.1230000 1.2566038 1.2276303 1.2322800 1.2850235 1.2731569 1.2084105 1.2632555 1.2258036 1.2287465 1.2579602 1.2579602 1.2504729 1.2191902 
NC_020211_i3                 2.2542744 0.5375484 0.5380258 0.5380258 0.5641977 0.2735373 0.2248408 0.0450392 0.0288272 0.0057116 0.0000000 0.0028540 0.1579394 0.1594814 0.1512971 0.2976628 0.3389574 0.3389574 0.3286914 0.3335923 0.3302975 0.3335923 0.3001991 0.3294060 0.9849941 0.8773712 0.8753462 0.8832459 0.8837260 0.8789937 0.8860679 0.8910215 0.8565356 0.9098052 0.8881936 0.8661781 0.8698576 0.8661538 0.8736899 0.8720651 0.8637286 1.2498948 1.2541183 1.1957352 1.2178888 1.2106855 1.2408443 1.1830813 1.2039866 1.2411374 1.2023208 1.1898909 1.2235136 1.2218453 1.2271397 1.2556639 1.1051831 1.1124161 1.2543683 1.2254700 1.2301066 1.2832063 1.2715559 1.2084052 1.2662713 1.2324520 1.2353810 1.2630557 1.2630557 1.2571662 1.2257812 
GCA_000513215.1_DB11_genomic 2.2621709 0.5329671 0.5334403 0.5334403 0.5655334 0.2736321 0.2231648 0.0479887 0.0259171 0.0028528 0.0028540 0.0000000 0.1578621 0.1628126 0.1512234 0.2938765 0.3369859 0.3369859 0.3268050 0.3356624 0.3323439 0.3356624 0.3025499 0.3315162 0.9874119 0.8764331 0.8744126 0.8799282 0.8868447 0.8824715 0.8891841 0.8941495 0.8504691 0.9065798 0.8819717 0.8599746 0.8637124 0.8598574 0.8742610 0.8778517 0.8612475 1.2504750 1.2509218 1.1992116 1.2179769 1.2107719 1.2359188 1.1831569 1.1991587 1.2412083 1.2023949 1.1899659 1.2256679 1.2251492 1.2304507 1.2591727 1.1119290 1.1191832 1.2555016 1.2265633 1.2312068 1.2845118 1.2727077 1.2094505 1.2621565 1.2284258 1.2313613 1.2589903 1.2589903 1.2530956 1.2217944 
NC_013956_i3                 2.2409020 0.5146969 0.5159918 0.5159918 0.5482725 0.2840835 0.2353934 0.1666281 0.1556307 0.1579493 0.1579394 0.1578621 0.0000000 0.1200304 0.1277926 0.2935326 0.3270608 0.3270608 0.3200518 0.3509686 0.3474269 0.3509686 0.3074190 0.2972575 0.9659445 0.8600190 0.8580324 0.8779853 0.8956740 0.8733304 0.8911408 0.8978603 0.8419736 0.8776919 0.8650116 0.8549750 0.8682777 0.8614819 0.8552813 0.8475419 0.9092984 1.2430761 1.2093354 1.1850782 1.1815414 1.1744369 1.1806828 1.1460662 1.1438585 1.1886195 1.1522712 1.1484486 1.2079794 1.2025900 1.2047314 1.2414180 1.0732427 1.0841448 1.2171433 1.2052866 1.2098675 1.2529661 1.2548779 1.1752343 1.2157627 1.2156147 1.2155567 1.2409315 1.2409315 1.2237922 1.1964006 
NC_014121_i3                 2.2863382 0.5233605 0.5262882 0.5262882 0.5440790 0.2918584 0.2522446 0.1609412 0.1549493 0.1625843 0.1594814 0.1628126 0.1200304 0.0000000 0.1064361 0.2875463 0.3458375 0.3458375 0.3388670 0.3385904 0.3352012 0.3385904 0.2955205 0.3068014 0.9669303 0.8936573 0.8915857 0.8932091 0.8935400 0.8713828 0.8772552 0.8839206 0.8627061 0.9037870 0.8848829 0.8652639 0.8620874 0.8593907 0.8396093 0.8386063 0.8703869 1.2382587 1.2575476 1.1865556 1.2184082 1.2112134 1.2094192 1.1936657 1.1730506 1.2043876 1.1769950 1.1850233 1.1589666 1.2162643 1.2184334 1.2560464 1.0771830 1.0880583 1.2273042 1.2104244 1.2150049 1.2748969 1.2734618 1.1769805 1.2436137 1.2176997 1.2137402 1.2330283 1.2330283 1.2410510 1.2026796 
NC_013961_i3                 2.3641835 0.5464414 0.5467822 0.5467822 0.5783359 0.3046716 0.2442138 0.1681851 0.1491988 0.1529592 0.1512971 0.1512234 0.1277926 0.1064361 0.0000000 0.3076181 0.3497517 0.3497517 0.3400229 0.3693323 0.3655959 0.3693323 0.3314514 0.3165506 1.0018626 0.9223975 0.9202494 0.9084728 0.8976170 0.8908588 0.9025163 0.9089758 0.8163386 0.8901709 0.8612239 0.8544856 0.8542541 0.8478844 0.8608077 0.8380579 0.8923529 1.2646612 1.2417686 1.1947214 1.2048083 1.2017834 1.1897445 1.1605869 1.1873022 1.2027967 1.1637735 1.1640505 1.2219361 1.2336932 1.2358927 1.2719194 1.1042702 1.1153761 1.2151719 1.2078930 1.2124529 1.3033859 1.3030831 1.2170002 1.2575771 1.2400305 1.2404817 1.2678670 1.2678670 1.2707343 1.2470969 
NC_008702_i3                 2.2305764 0.4844423 0.4835215 0.4835215 0.5120960 0.2741264 0.2993195 0.3037916 0.2925873 0.2946288 0.2976628 0.2938765 0.2935326 0.2875463 0.3076181 0.0000000 0.2189482 0.2189482 0.2187446 0.3444867 0.3429990 0.3444867 0.2911328 0.3037739 0.9825874 0.8628313 0.8608227 0.8707865 0.8880069 0.8662262 0.8821870 0.8895847 0.8659647 0.9480126 0.9289426 0.8344425 0.8322334 0.8312102 0.8389625 0.8326643 0.8843093 1.2089137 1.2406018 1.1966554 1.2310559 1.2237978 1.1984945 1.1506182 1.1604557 1.1920478 1.1473984 1.1555357 1.1822525 1.2094902 1.2116210 1.2278558 1.0934071 1.0955114 1.2214874 1.2224532 1.2270459 1.2749493 1.2596412 1.2004584 1.2557517 1.1545799 1.1627855 1.2055419 1.2055419 1.1964763 1.1912593 
NC_002516_i3                 2.2619163 0.5317357 0.5309897 0.5309897 0.5522941 0.2897096 0.3140088 0.3422363 0.3343738 0.3378205 0.3389574 0.3369859 0.3270608 0.3458375 0.3497517 0.2189482 0.0000000 0.0000010 0.0817417 0.3566826 0.3571882 0.3566826 0.3076108 0.3377262 0.9974208 0.8879103 0.8858478 0.8547560 0.8926250 0.8828224 0.8916919 0.8994669 0.8778979 0.9242898 0.9108222 0.8581352 0.8751379 0.8702494 0.8347656 0.8469124 0.8661947 1.2130232 1.2526312 1.2594786 1.2488066 1.2401539 1.2291247 1.1695715 1.1843899 1.2094544 1.1748017 1.1915378 1.2839908 1.2316633 1.2338612 1.2369681 1.1738364 1.1850519 1.2458488 1.2517947 1.2564848 1.2469430 1.2867530 1.2612055 1.2791319 1.2315606 1.2214346 1.2595349 1.2595349 1.2732200 1.2414886 
NC_008463_i3                 2.2619163 0.5317357 0.5309897 0.5309897 0.5522941 0.2897096 0.3140088 0.3422363 0.3343738 0.3378205 0.3389574 0.3369859 0.3270608 0.3458375 0.3497517 0.2189482 0.0000010 0.0000000 0.0817417 0.3566826 0.3571882 0.3566826 0.3076108 0.3377262 0.9974208 0.8879103 0.8858478 0.8547560 0.8926250 0.8828224 0.8916919 0.8994669 0.8778979 0.9242898 0.9108222 0.8581352 0.8751379 0.8702494 0.8347656 0.8469124 0.8661947 1.2130232 1.2526312 1.2594786 1.2488066 1.2401539 1.2291247 1.1695715 1.1843899 1.2094544 1.1748017 1.1915378 1.2839908 1.2316633 1.2338612 1.2369681 1.1738364 1.1850519 1.2458488 1.2517947 1.2564848 1.2469430 1.2867530 1.2612055 1.2791319 1.2315606 1.2214346 1.2595349 1.2595349 1.2732200 1.2414886 
NC_004129_i3                 2.2268073 0.5335731 0.5334350 0.5334350 0.5593363 0.3052783 0.3190395 0.3350083 0.3237494 0.3276255 0.3286914 0.3268050 0.3200518 0.3388670 0.3400229 0.2187446 0.0817417 0.0817417 0.0000000 0.3491792 0.3476411 0.3491792 0.3005702 0.3272541 1.0150569 0.8530735 0.8510828 0.8456156 0.8849055 0.8711098 0.8799191 0.8879078 0.8508271 0.9083558 0.8951678 0.8392066 0.8495436 0.8486219 0.8348519 0.8386169 0.8571848 1.1884343 1.2506571 1.2413580 1.2258981 1.2189915 1.2297734 1.1792006 1.1749066 1.2072770 1.1780320 1.1872461 1.2873101 1.2116619 1.2138000 1.2172092 1.1859227 1.1894091 1.2475965 1.2461180 1.2507886 1.2697056 1.3058799 1.2375937 1.2730508 1.2333484 1.2376271 1.2516590 1.2516590 1.2761975 1.2576578 
AJ320483_i3                  2.2986976 0.6007140 0.5984998 0.5984998 0.6114397 0.3232234 0.3463841 0.3353350 0.3373583 0.3356886 0.3335923 0.3356624 0.3509686 0.3385904 0.3693323 0.3444867 0.3566826 0.3566826 0.3491792 0.0000000 0.0000010 0.0000010 0.0033899 0.2311375 1.0119263 0.8969982 0.8949001 0.9114890 0.8809165 0.8824840 0.8805118 0.8861163 0.8639711 0.9144322 0.8781470 0.8409480 0.8493831 0.8426456 0.8237998 0.8191695 0.8709854 1.2227206 1.2642191 1.2337844 1.1831825 1.1735916 1.1643603 1.1598217 1.1233735 1.1721057 1.1307335 1.1293627 1.2226449 1.1728039 1.1749012 1.1631023 1.0935524 1.0998889 1.1885973 1.1720756 1.1765656 1.2337855 1.2213625 1.1625755 1.2306123 1.2250901 1.2273806 1.1616298 1.1616298 1.1770442 1.1391356 
NC_011205_i3                 2.3150956 0.6013065 0.5991063 0.5991063 0.6134102 0.3199855 0.3449769 0.3319961 0.3340261 0.3323693 0.3302975 0.3323439 0.3474269 0.3352012 0.3655959 0.3429990 0.3571882 0.3571882 0.3476411 0.0000010 0.0000000 0.0000010 0.0033899 0.2307455 1.0192039 0.8960770 0.8939980 0.9093447 0.8792501 0.8805975 0.8788512 0.8843986 0.8631668 0.9131853 0.8763248 0.8474533 0.8557603 0.8492259 0.8233417 0.8190537 0.8657864 1.2326296 1.2642191 1.2337844 1.1926009 1.1830045 1.1712194 1.1712606 1.1334719 1.1860450 1.1417699 1.1369757 1.2322693 1.1800152 1.1821090 1.1703420 1.1028438 1.1091708 1.1958875 1.1793646 1.1838419 1.2444025 1.2310481 1.1710213 1.2421929 1.2338629 1.2361663 1.1729435 1.1729435 1.1821358 1.1467215 
NC_016810_i3                 2.2986976 0.6007140 0.5984998 0.5984998 0.6114397 0.3232234 0.3463841 0.3353350 0.3373583 0.3356886 0.3335923 0.3356624 0.3509686 0.3385904 0.3693323 0.3444867 0.3566826 0.3566826 0.3491792 0.0000010 0.0000010 0.0000000 0.0033899 0.2311375 1.0119263 0.8969982 0.8949001 0.9114890 0.8809165 0.8824840 0.8805118 0.8861163 0.8639711 0.9144322 0.8781470 0.8409480 0.8493831 0.8426456 0.8237998 0.8191695 0.8709854 1.2227206 1.2642191 1.2337844 1.1831825 1.1735916 1.1643603 1.1598217 1.1233735 1.1721057 1.1307335 1.1293627 1.2226449 1.1728039 1.1749012 1.1631023 1.0935524 1.0998889 1.1885973 1.1720756 1.1765656 1.2337855 1.2213625 1.1625755 1.2306123 1.2250901 1.2273806 1.1616298 1.1616298 1.1770442 1.1391356 
JF766712_i3                  2.2799706 0.5385941 0.5385941 0.5385941 0.5599328 0.2721578 0.2995435 0.2962953 0.3025147 0.3025736 0.3001991 0.3025499 0.3074190 0.2955205 0.3314514 0.2911328 0.3076108 0.3076108 0.3005702 0.0033899 0.0033899 0.0033899 0.0000000 0.1848649 0.9156267 0.8207356 0.8185105 0.8415609 0.8224655 0.8131829 0.8197214 0.8258229 0.7912018 0.8360476 0.8023116 0.7826927 0.7932300 0.7838530 0.7431199 0.7429915 0.7954719 1.1927609 1.2865746 1.2395342 1.1151240 1.1084344 1.1050173 1.0876324 1.0331439 1.0898057 1.0559399 1.0612031 1.1858236 1.1146552 1.1169517 1.1255334 1.0491568 1.0563560 1.1257039 1.1100577 1.1151157 1.1672957 1.1780959 1.1322278 1.1465873 1.1396979 1.1396979 1.1070307 1.1070307 1.1241411 1.0906844 
NC_013716_i3                 2.3093610 0.5645791 0.5674220 0.5674220 0.5826455 0.3114502 0.3189507 0.3237669 0.3259035 0.3319348 0.3294060 0.3315162 0.2972575 0.3068014 0.3165506 0.3037739 0.3377262 0.3377262 0.3272541 0.2311375 0.2307455 0.2311375 0.1848649 0.0000000 0.9435053 0.8824512 0.8803954 0.8693566 0.8910843 0.8758146 0.8787410 0.8860930 0.8523944 0.8989428 0.8738500 0.8468566 0.8480940 0.8437451 0.8232007 0.8080100 0.8595846 1.2206390 1.2234252 1.1769362 1.1882582 1.1837892 1.1622468 1.1204097 1.1037380 1.1324780 1.0987923 1.1072003 1.1990096 1.1590420 1.1610829 1.1709062 1.0620395 1.0713099 1.1463235 1.1170196 1.1213236 1.2408872 1.2223238 1.1669787 1.2391805 1.1686628 1.1600646 1.1936513 1.1936513 1.1691800 1.1498249 
NC_017626_i4b                2.2735443 0.9915053 0.9935748 0.9935748 0.9809403 0.9941060 1.0111469 0.9766225 0.9920643 0.9841746 0.9849941 0.9874119 0.9659445 0.9669303 1.0018626 0.9825874 0.9974208 0.9974208 1.0150569 1.0119263 1.0192039 1.0119263 0.9156267 0.9435053 0.0000000 0.7145199 0.7141030 0.7704498 0.6993722 0.6944119 0.6761517 0.6798247 0.7281768 0.7330793 0.7100208 0.6582790 0.6627683 0.6619917 0.7056751 0.7107112 0.8848040 1.1381927 1.1435161 1.1790101 1.2185699 1.2185869 1.2244042 1.2547210 1.2203478 1.2722951 1.2463151 1.2656977 1.2441977 1.1877701 1.1892729 1.2123257 1.1767336 1.1810178 1.1785419 1.1497094 1.1492021 1.2393307 1.2434907 1.1568404 1.1773594 1.1759850 1.1615113 1.1998228 1.1998228 1.2013097 1.1702340 
NC_002516_i4a                2.3183224 1.0000212 0.9995988 0.9995988 1.0105079 0.8785209 0.8655221 0.8616457 0.8748927 0.8770793 0.8773712 0.8764331 0.8600190 0.8936573 0.9223975 0.8628313 0.8879103 0.8879103 0.8530735 0.8969982 0.8960770 0.8969982 0.8207356 0.8824512 0.7145199 0.0000000 0.0014487 0.2877256 0.6892076 0.6806559 0.6700600 0.6748781 0.6174618 0.6464387 0.6500691 0.6126368 0.6200420 0.6291961 0.5610718 0.5858466 0.7979646 1.1084957 1.0586931 1.0927063 1.1793112 1.1725355 1.1537005 1.1601156 1.1603362 1.1770411 1.1885021 1.1626826 1.2055240 1.1348198 1.1367675 1.1159209 1.1738117 1.1709414 1.1508520 1.1215584 1.1169939 1.2402334 1.2237628 1.0780522 1.1842197 1.1804770 1.1824681 1.1879981 1.1879981 1.1855500 1.1718473 
NC_008463_i4a                2.3183224 0.9976867 0.9972675 0.9972675 1.0081469 0.8764942 0.8635319 0.8596602 0.8728800 0.8750563 0.8753462 0.8744126 0.8580324 0.8915857 0.9202494 0.8608227 0.8858478 0.8858478 0.8510828 0.8949001 0.8939980 0.8949001 0.8185105 0.8803954 0.7141030 0.0014487 0.0000000 0.2879330 0.6884944 0.6798646 0.6693665 0.6741795 0.6168278 0.6462005 0.6498296 0.6119876 0.6193946 0.6285213 0.5604961 0.5852425 0.7961376 1.1058318 1.0559218 1.0898601 1.1764382 1.1696782 1.1508819 1.1572860 1.1574748 1.1741391 1.1856121 1.1598583 1.2025416 1.1303039 1.1322423 1.1114799 1.1719848 1.1691184 1.1462465 1.1170587 1.1125099 1.2368573 1.2207552 1.0763832 1.1812592 1.1775699 1.1795577 1.1850841 1.1850841 1.1808820 1.1672255 
NC_013716_i4a                2.2363647 0.9921726 0.9915425 0.9915425 1.0028481 0.8792025 0.8860885 0.8808391 0.8887727 0.8802795 0.8832459 0.8799282 0.8779853 0.8932091 0.9084728 0.8707865 0.8547560 0.8547560 0.8456156 0.9114890 0.9093447 0.9114890 0.8415609 0.8693566 0.7704498 0.2877256 0.2879330 0.0000000 0.6817596 0.6751471 0.6698811 0.6717496 0.6168640 0.6469572 0.6494345 0.5929028 0.6105682 0.6117043 0.5670857 0.5768871 0.7723897 1.0397257 1.0247081 1.0511530 1.2172502 1.2167107 1.1790733 1.1285455 1.1121137 1.1576775 1.1468663 1.1522209 1.2442938 1.2179960 1.2201225 1.2361575 1.2469351 1.2467417 1.1459455 1.1268222 1.1311864 1.2877973 1.2604327 1.1468969 1.3028600 1.2228884 1.2158795 1.2620526 1.2620526 1.2467632 1.2179509 
NC_005966_i4b                2.0995058 0.9653119 0.9712954 0.9712954 0.9580214 0.8885543 0.9172939 0.8813805 0.8873649 0.8879300 0.8837260 0.8868447 0.8956740 0.8935400 0.8976170 0.8880069 0.8926250 0.8926250 0.8849055 0.8809165 0.8792501 0.8809165 0.8224655 0.8910843 0.6993722 0.6892076 0.6884944 0.6817596 0.0000000 0.0868635 0.0847977 0.0815441 0.4101329 0.4523350 0.4278223 0.5719229 0.5890460 0.5849944 0.4974606 0.4965058 0.7540203 1.0102013 1.1281338 1.1181793 1.2057982 1.1985370 1.2052140 1.1566809 1.1989547 1.1607541 1.1671379 1.1671900 1.1385511 1.1312568 1.1325882 1.1400613 1.1302186 1.1287502 1.1771852 1.1634468 1.1678350 1.2304166 1.2778576 1.1510111 1.2294349 1.1287316 1.1326890 1.1714456 1.1714456 1.2023936 1.1633092 
NC_009085_i4b                2.0475398 0.9679556 0.9734833 0.9734833 0.9377536 0.8673544 0.8955665 0.8642151 0.8747803 0.8836777 0.8789937 0.8824715 0.8733304 0.8713828 0.8908588 0.8662262 0.8828224 0.8828224 0.8711098 0.8824840 0.8805975 0.8824840 0.8131829 0.8758146 0.6944119 0.6806559 0.6798646 0.6751471 0.0868635 0.0000000 0.0065643 0.0065646 0.4159754 0.4473706 0.4351249 0.5961179 0.5965936 0.5965936 0.4885482 0.4869551 0.7595035 1.0361777 1.1701417 1.1610786 1.1837537 1.1765353 1.1859214 1.1685026 1.1949156 1.1531142 1.1536081 1.1872646 1.0906349 1.0774876 1.0774876 1.0812179 1.1201003 1.1217946 1.1658884 1.1490233 1.1538364 1.1840629 1.2434747 1.1267201 1.1372289 1.0788859 1.0757290 1.1533509 1.1533509 1.1355507 1.0969686 
NC_010400_i4b                2.1042462 0.9646620 0.9695977 0.9695977 0.9577720 0.8823002 0.9021883 0.8776813 0.8838104 0.8902705 0.8860679 0.8891841 0.8911408 0.8772552 0.9025163 0.8821870 0.8916919 0.8916919 0.8799191 0.8805118 0.8788512 0.8805118 0.8197214 0.8787410 0.6761517 0.6700600 0.6693665 0.6698811 0.0847977 0.0065643 0.0000000 0.0087766 0.4150429 0.4389891 0.4269785 0.5841137 0.5903090 0.5863027 0.4938172 0.4912297 0.7463973 0.9914802 1.1078117 1.1016645 1.2179808 1.2106450 1.2170174 1.1913499 1.2220995 1.1900684 1.1779316 1.1992623 1.1284069 1.1159902 1.1173030 1.1208130 1.1420223 1.1471403 1.1949999 1.1779683 1.1824072 1.2395584 1.2950529 1.1398883 1.2139232 1.1112404 1.1082595 1.1954606 1.1954606 1.2092147 1.1739291 
KC432605_i4b                 2.0896530 0.9629678 0.9678921 0.9678921 0.9570702 0.8896746 0.9102839 0.8839509 0.8887477 0.8952443 0.8910215 0.8941495 0.8978603 0.8839206 0.9089758 0.8895847 0.8994669 0.8994669 0.8879078 0.8861163 0.8843986 0.8861163 0.8258229 0.8860930 0.6798247 0.6748781 0.6741795 0.6717496 0.0815441 0.0065646 0.0087766 0.0000000 0.4097388 0.4369172 0.4268037 0.5874679 0.5936435 0.5897146 0.4910565 0.4875112 0.7512358 0.9939637 1.1033666 1.1005240 1.2341190 1.2267274 1.2303356 1.2033043 1.2342708 1.2007997 1.1875318 1.2113074 1.1324376 1.1022912 1.1035807 1.1205245 1.1484873 1.1536143 1.1959871 1.1789443 1.1833848 1.2533901 1.3036924 1.1379602 1.2131542 1.1106755 1.1077044 1.1881315 1.1881315 1.2117162 1.1742017 
NC_003296_i4b                2.2288243 0.9560936 0.9518028 0.9518028 0.9733493 0.8633823 0.8439375 0.8547528 0.8416388 0.8514957 0.8565356 0.8504691 0.8419736 0.8627061 0.8163386 0.8659647 0.8778979 0.8778979 0.8508271 0.8639711 0.8631668 0.8639711 0.7912018 0.8523944 0.7281768 0.6174618 0.6168278 0.6168640 0.4101329 0.4159754 0.4150429 0.4097388 0.0000000 0.1732583 0.1659222 0.5446724 0.5405462 0.5344542 0.4259789 0.4348219 0.7399135 1.0201837 1.0652095 1.0636317 1.1800042 1.1788105 1.1963114 1.1908344 1.2081510 1.2075687 1.1781803 1.1738759 1.1538883 1.1189702 1.1202854 1.1341191 1.1387996 1.1370572 1.1076721 1.0901382 1.0943348 1.2363500 1.2473108 1.1135561 1.2061061 1.1141570 1.1064315 1.1617576 1.1617576 1.1279412 1.0973249 
NC_007651_i4b                2.2591280 0.9912705 0.9979674 0.9979674 1.0282677 0.9102535 0.8862018 0.9046954 0.8966928 0.9055883 0.9098052 0.9065798 0.8776919 0.9037870 0.8901709 0.9480126 0.9242898 0.9242898 0.9083558 0.9144322 0.9131853 0.9144322 0.8360476 0.8989428 0.7330793 0.6464387 0.6462005 0.6469572 0.4523350 0.4473706 0.4389891 0.4369172 0.1732583 0.0000000 0.0826263 0.5657022 0.5602335 0.5546938 0.4581199 0.4717129 0.7627847 1.0475388 1.0955745 1.0641692 1.1851191 1.1839139 1.2092453 1.1681061 1.1725731 1.1742991 1.1493420 1.1586441 1.1916044 1.1474792 1.1488354 1.1526333 1.1615249 1.1625794 1.1430599 1.1312210 1.1265995 1.2286618 1.2280760 1.0766847 1.2009272 1.1411528 1.1385085 1.2051798 1.2051798 1.1491971 1.1231281 
NC_011000_i4b                2.2709760 0.9707898 0.9774133 0.9774133 1.0050756 0.8846187 0.8623968 0.8811068 0.8733160 0.8800769 0.8881936 0.8819717 0.8650116 0.8848829 0.8612239 0.9289426 0.9108222 0.9108222 0.8951678 0.8781470 0.8763248 0.8781470 0.8023116 0.8738500 0.7100208 0.6500691 0.6498296 0.6494345 0.4278223 0.4351249 0.4269785 0.4268037 0.1659222 0.0826263 0.0000000 0.5535747 0.5500311 0.5432140 0.4469077 0.4623386 0.7608096 1.0541218 1.0876759 1.0329569 1.1808053 1.1796092 1.1920470 1.1661178 1.1747837 1.1705288 1.1620482 1.1562418 1.1671171 1.1252371 1.1265674 1.1308882 1.1361451 1.1371785 1.1233573 1.1066025 1.1108503 1.2150978 1.2206609 1.1076647 1.1935844 1.1290667 1.1258125 1.1853629 1.1853629 1.1241120 1.0894008 
NC_012779_i4b                2.3111020 0.9166964 0.9106303 0.9106303 0.9118661 0.8362352 0.8672030 0.8408953 0.8538727 0.8589948 0.8661781 0.8599746 0.8549750 0.8652639 0.8544856 0.8344425 0.8581352 0.8581352 0.8392066 0.8409480 0.8474533 0.8409480 0.7826927 0.8468566 0.6582790 0.6126368 0.6119876 0.5929028 0.5719229 0.5961179 0.5841137 0.5874679 0.5446724 0.5657022 0.5535747 0.0000000 0.0398912 0.0404373 0.4103741 0.4301765 0.7082366 1.0491821 1.1214259 1.1248879 1.1525229 1.1503160 1.1503818 1.1163889 1.1018117 1.1209650 1.1187395 1.1237821 1.2055561 1.0748515 1.0767227 1.0782567 1.0733058 1.0715702 1.1166452 1.0802165 1.0799170 1.1660790 1.1663113 1.0715560 1.1393710 1.0791501 1.0948957 1.1243837 1.1243837 1.1436695 1.1094230 
AY424360_i4b                 2.3631591 0.9226191 0.9165865 0.9165865 0.9351040 0.8469187 0.8761729 0.8483478 0.8567079 0.8627422 0.8698576 0.8637124 0.8682777 0.8620874 0.8542541 0.8322334 0.8751379 0.8751379 0.8495436 0.8493831 0.8557603 0.8493831 0.7932300 0.8480940 0.6627683 0.6200420 0.6193946 0.6105682 0.5890460 0.5965936 0.5903090 0.5936435 0.5405462 0.5602335 0.5500311 0.0398912 0.0000000 0.0000010 0.4353096 0.4499781 0.7203123 1.0713954 1.1277394 1.1266115 1.1614569 1.1592510 1.1586419 1.1218636 1.1296813 1.1362856 1.1295319 1.1310911 1.2012862 1.0837754 1.0856576 1.0814557 1.0714361 1.0689195 1.1063059 1.0728262 1.0725316 1.1584885 1.1578046 1.0751416 1.1214996 1.0727633 1.0885431 1.1137392 1.1137392 1.1495503 1.1116080 
NC_013508_i4b                2.3597744 0.9135589 0.9074156 0.9074156 0.9222610 0.8412982 0.8686284 0.8441280 0.8526869 0.8588630 0.8661538 0.8598574 0.8614819 0.8593907 0.8478844 0.8312102 0.8702494 0.8702494 0.8486219 0.8426456 0.8492259 0.8426456 0.7838530 0.8437451 0.6619917 0.6291961 0.6285213 0.6117043 0.5849944 0.5965936 0.5863027 0.5897146 0.5344542 0.5546938 0.5432140 0.0404373 0.0000010 0.0000000 0.4363550 0.4514491 0.7183079 1.0783468 1.1396238 1.1384237 1.1495172 1.1469451 1.1413542 1.1032306 1.1130863 1.1177857 1.1120973 1.1136909 1.1813508 1.0612270 1.0630959 1.0590325 1.0495261 1.0470086 1.0871756 1.0536502 1.0533606 1.1366487 1.1451768 1.0593075 1.1071383 1.0505360 1.0663148 1.0999062 1.0999062 1.1203905 1.0807887 
NC_002947_i4b                2.3532333 0.8995303 0.8958178 0.8958178 0.9142174 0.8438392 0.8582498 0.8502113 0.8642431 0.8749112 0.8736899 0.8742610 0.8552813 0.8396093 0.8608077 0.8389625 0.8347656 0.8347656 0.8348519 0.8237998 0.8233417 0.8237998 0.7431199 0.8232007 0.7056751 0.5610718 0.5604961 0.5670857 0.4974606 0.4885482 0.4938172 0.4910565 0.4259789 0.4581199 0.4469077 0.4103741 0.4353096 0.4363550 0.0000000 0.0651971 0.7113476 1.0157484 1.0118827 1.0169326 1.1624129 1.1520896 1.1476999 1.1537193 1.1960178 1.1649214 1.1571537 1.1571128 1.1841208 1.0998875 1.1017870 1.0900768 1.1167085 1.1182152 1.1435720 1.1032335 1.0986996 1.1800605 1.2063990 1.0452972 1.1634310 1.0962358 1.1069223 1.0964902 1.0964902 1.1335609 1.0764671 
NC_007005_i4b                2.3584888 0.8973048 0.8936069 0.8936069 0.9085685 0.8372050 0.8545927 0.8513823 0.8661367 0.8785042 0.8720651 0.8778517 0.8475419 0.8386063 0.8380579 0.8326643 0.8469124 0.8469124 0.8386169 0.8191695 0.8190537 0.8191695 0.7429915 0.8080100 0.7107112 0.5858466 0.5852425 0.5768871 0.4965058 0.4869551 0.4912297 0.4875112 0.4348219 0.4717129 0.4623386 0.4301765 0.4499781 0.4514491 0.0651971 0.0000000 0.7182598 1.0271921 1.0407515 1.0400849 1.1694029 1.1603332 1.1523196 1.1471254 1.1724140 1.1439320 1.1173252 1.1400804 1.1979655 1.0878560 1.0897273 1.0951191 1.1168016 1.1183102 1.1441022 1.0995583 1.1038040 1.1512719 1.1861325 1.0572802 1.1969606 1.1101321 1.1216352 1.1132494 1.1132494 1.1434416 1.0873682 
FJ790777_i5                  2.4229657 0.9909421 0.9912179 0.9912179 0.9837346 0.8654708 0.9036185 0.8638811 0.8583188 0.8648110 0.8637286 0.8612475 0.9092984 0.8703869 0.8923529 0.8843093 0.8661947 0.8661947 0.8571848 0.8709854 0.8657864 0.8709854 0.7954719 0.8595846 0.8848040 0.7979646 0.7961376 0.7723897 0.7540203 0.7595035 0.7463973 0.7512358 0.7399135 0.7627847 0.7608096 0.7082366 0.7203123 0.7183079 0.7113476 0.7182598 0.0000000 0.7608483 1.0927545 1.1063382 1.2478141 1.2486366 1.2842943 1.2170215 1.2327102 1.2363888 1.2227687 1.2052265 1.2091042 1.2242283 1.2234543 1.2462564 1.2149540 1.2164276 1.3375893 1.2943348 1.2936855 1.3025155 1.3020045 1.2202904 1.3073002 1.2114353 1.2266273 1.2955840 1.2955840 1.2406543 1.1955159 
NC_004605_i5                 2.4271855 1.2744070 1.2744070 1.2744070 1.2493174 1.2301963 1.2598324 1.2512155 1.2552584 1.2485503 1.2498948 1.2504750 1.2430761 1.2382587 1.2646612 1.2089137 1.2130232 1.2130232 1.1884343 1.2227206 1.2326296 1.2227206 1.1927609 1.2206390 1.1381927 1.1084957 1.1058318 1.0397257 1.0102013 1.0361777 0.9914802 0.9939637 1.0201837 1.0475388 1.0541218 1.0491821 1.0713954 1.0783468 1.0157484 1.0271921 0.7608483 0.0000000 0.9393453 0.9445438 1.4370307 1.4376537 1.4485584 1.3441977 1.3884496 1.4113798 1.3587093 1.3718340 1.3395746 1.3598775 1.3590969 1.3693295 1.3375776 1.3332326 1.4233373 1.4162324 1.4155012 1.4158450 1.4367995 1.4047522 1.4123414 1.3666610 1.3666610 1.3486626 1.3486626 1.3870029 1.3589976 
NC_003063_i5                 2.4359430 1.3130795 1.3128609 1.3128609 1.2656367 1.2376570 1.2597553 1.2472731 1.2491795 1.2564022 1.2541183 1.2509218 1.2093354 1.2575476 1.2417686 1.2406018 1.2526312 1.2526312 1.2506571 1.2642191 1.2642191 1.2642191 1.2865746 1.2234252 1.1435161 1.0586931 1.0559218 1.0247081 1.1281338 1.1701417 1.1078117 1.1033666 1.0652095 1.0955745 1.0876759 1.1214259 1.1277394 1.1396238 1.0118827 1.0407515 1.0927545 0.9393453 0.0000000 0.2876372 1.3782138 1.3791155 1.3710375 1.3304617 1.3855630 1.3490492 1.3223625 1.3336257 1.4418474 1.3611646 1.3638437 1.3847716 1.4476700 1.4552479 1.3938238 1.3727455 1.3705840 1.5328750 1.4729940 1.3678928 1.4592944 1.3427315 1.3427315 1.4218246 1.4218246 1.4120665 1.4007934 
NC_008378_i5                 2.4982470 1.3076803 1.3076803 1.3076803 1.2570331 1.1766687 1.2064663 1.2027685 1.1931021 1.1999673 1.1957352 1.1992116 1.1850782 1.1865556 1.1947214 1.1966554 1.2594786 1.2594786 1.2413580 1.2337844 1.2337844 1.2337844 1.2395342 1.1769362 1.1790101 1.0927063 1.0898601 1.0511530 1.1181793 1.1610786 1.1016645 1.1005240 1.0636317 1.0641692 1.0329569 1.1248879 1.1266115 1.1384237 1.0169326 1.0400849 1.1063382 0.9445438 0.2876372 0.0000000 1.4307320 1.4316631 1.4143182 1.3613041 1.3985280 1.3829485 1.3603077 1.3755731 1.4310403 1.3501199 1.3527634 1.4066069 1.4354126 1.4271448 1.3449517 1.3351184 1.3291973 1.5013896 1.4514728 1.4261093 1.4816261 1.3496054 1.3496054 1.4281579 1.4281579 1.4254641 1.3929890 
KF678349_i2                  2.5667928 1.2880531 1.2985612 1.2985612 1.2477722 1.2078371 1.2457849 1.2221094 1.2054262 1.2156010 1.2178888 1.2179769 1.1815414 1.2184082 1.2048083 1.2310559 1.2488066 1.2488066 1.2258981 1.1831825 1.1926009 1.1831825 1.1151240 1.1882582 1.2185699 1.1793112 1.1764382 1.2172502 1.2057982 1.1837537 1.2179808 1.2341190 1.1800042 1.1851191 1.1808053 1.1525229 1.1614569 1.1495172 1.1624129 1.1694029 1.2478141 1.4370307 1.3782138 1.4307320 0.0000000 0.0042871 0.2673215 0.2647171 0.2822101 0.2684432 0.2547888 0.2535882 1.0731803 1.0271965 1.0281190 1.0293658 1.0173159 1.0176382 1.0188873 1.0248121 1.0233242 1.0653181 1.0757150 0.9785569 0.9904837 1.0012911 0.9993816 1.0159565 1.0159565 1.0469271 1.0102159 
NC_004431_i2                 2.5672823 1.2804193 1.2908626 1.2908626 1.2447359 1.2004013 1.2394455 1.2148744 1.1982547 1.2083952 1.2106855 1.2107719 1.1744369 1.2112134 1.2017834 1.2237978 1.2401539 1.2401539 1.2189915 1.1735916 1.1830045 1.1735916 1.1084344 1.1837892 1.2185869 1.1725355 1.1696782 1.2167107 1.1985370 1.1765353 1.2106450 1.2267274 1.1788105 1.1839139 1.1796092 1.1503160 1.1592510 1.1469451 1.1520896 1.1603332 1.2486366 1.4376537 1.3791155 1.4316631 0.0042871 0.0000000 0.2637747 0.2637346 0.2806197 0.2674610 0.2533474 0.2525994 1.0741346 1.0281614 1.0290850 1.0269481 1.0149319 1.0152516 1.0209911 1.0294478 1.0279549 1.0634286 1.0775601 0.9837226 0.9892294 1.0000300 1.0002754 1.0135677 1.0135677 1.0479132 1.0111685 
NC_012731_2_i2               2.4887618 1.2965329 1.2998744 1.2998744 1.2700201 1.2076932 1.2205719 1.2320756 1.2148227 1.2371735 1.2408443 1.2359188 1.1806828 1.2094192 1.1897445 1.1984945 1.2291247 1.2291247 1.2297734 1.1643603 1.1712194 1.1643603 1.1050173 1.1622468 1.2244042 1.1537005 1.1508819 1.1790733 1.2052140 1.1859214 1.2170174 1.2303356 1.1963114 1.2092453 1.1920470 1.1503818 1.1586419 1.1413542 1.1476999 1.1523196 1.2842943 1.4485584 1.3710375 1.4143182 0.2673215 0.2637747 0.0000000 0.2246497 0.2329806 0.2435167 0.2104235 0.2076140 1.0674099 0.9982286 0.9991305 0.9746233 1.0120901 1.0153758 1.0063806 0.9769283 0.9754859 0.9947673 1.0415555 0.9750600 0.9860731 0.9570746 0.9716191 1.0109731 1.0109731 1.0166364 0.9923020 
NC_013956_i2                 2.5334359 1.2255737 1.2287765 1.2287765 1.2489173 1.1516770 1.1823280 1.1854953 1.1755389 1.1816087 1.1830813 1.1831569 1.1460662 1.1936657 1.1605869 1.1506182 1.1695715 1.1695715 1.1792006 1.1598217 1.1712606 1.1598217 1.0876324 1.1204097 1.2547210 1.1601156 1.1572860 1.1285455 1.1566809 1.1685026 1.1913499 1.2033043 1.1908344 1.1681061 1.1661178 1.1163889 1.1218636 1.1032306 1.1537193 1.1471254 1.2170215 1.3441977 1.3304617 1.3613041 0.2647171 0.2637346 0.2246497 0.0000000 0.1957336 0.1472893 0.1046532 0.1310417 1.0242368 0.9697734 0.9707870 0.9692289 0.9837401 0.9891534 0.9983967 0.9824057 0.9809528 1.0349142 1.0574771 0.9597858 0.9556952 0.9371513 0.9377617 0.9694263 0.9694263 1.0241534 0.9788788 
NC_017626_i2                 2.5122264 1.2450029 1.2383484 1.2383484 1.2298069 1.1835743 1.2262904 1.2113253 1.1897180 1.1979563 1.2039866 1.1991587 1.1438585 1.1730506 1.1873022 1.1604557 1.1843899 1.1843899 1.1749066 1.1233735 1.1334719 1.1233735 1.0331439 1.1037380 1.2203478 1.1603362 1.1574748 1.1121137 1.1989547 1.1949156 1.2220995 1.2342708 1.2081510 1.1725731 1.1747837 1.1018117 1.1296813 1.1130863 1.1960178 1.1724140 1.2327102 1.3884496 1.3855630 1.3985280 0.2822101 0.2806197 0.2329806 0.1957336 0.0000000 0.2061113 0.1736381 0.1777301 1.0794093 1.0020448 1.0030945 0.9858364 0.9955934 0.9974246 0.9815936 0.9748666 0.9744638 1.0328313 1.0430450 0.9672887 1.0126961 0.9883874 0.9908891 1.0182805 1.0182805 1.0617506 1.0175104 
NC_013961_i2                 2.4584152 1.2542458 1.2605755 1.2605755 1.2753571 1.2096385 1.2245181 1.2423319 1.2279848 1.2447554 1.2411374 1.2412083 1.1886195 1.2043876 1.2027967 1.1920478 1.2094544 1.2094544 1.2072770 1.1721057 1.1860450 1.1721057 1.0898057 1.1324780 1.2722951 1.1770411 1.1741391 1.1576775 1.1607541 1.1531142 1.1900684 1.2007997 1.2075687 1.1742991 1.1705288 1.1209650 1.1362856 1.1177857 1.1649214 1.1439320 1.2363888 1.4113798 1.3490492 1.3829485 0.2684432 0.2674610 0.2435167 0.1472893 0.2061113 0.0000000 0.1173104 0.1347031 1.0619710 0.9657011 0.9699425 0.9756916 0.9794545 0.9826039 0.9999248 0.9638967 0.9645357 1.0101433 1.0190921 0.9862141 0.9814687 0.9644475 0.9658017 0.9849029 0.9849029 1.0297787 1.0094804 
NC_009832_i2                 2.4663529 1.2398021 1.2406424 1.2406424 1.2255207 1.1625339 1.1683931 1.2027207 1.1846019 1.2008247 1.2023208 1.2023949 1.1522712 1.1769950 1.1637735 1.1473984 1.1748017 1.1748017 1.1780320 1.1307335 1.1417699 1.1307335 1.0559399 1.0987923 1.2463151 1.1885021 1.1856121 1.1468663 1.1671379 1.1536081 1.1779316 1.1875318 1.1781803 1.1493420 1.1620482 1.1187395 1.1295319 1.1120973 1.1571537 1.1173252 1.2227687 1.3587093 1.3223625 1.3603077 0.2547888 0.2533474 0.2104235 0.1046532 0.1736381 0.1173104 0.0000000 0.0874496 1.0399420 0.9688760 0.9709707 0.9742379 0.9629812 0.9669245 1.0074679 0.9888837 0.9874240 1.0536987 1.0603454 0.9760798 0.9790306 0.9522485 0.9582372 0.9848253 0.9848253 0.9982285 0.9802849 
NC_020064_i2                 2.5077935 1.2417546 1.2446849 1.2446849 1.2523772 1.1618759 1.1587562 1.1953273 1.1773915 1.1884116 1.1898909 1.1899659 1.1484486 1.1850233 1.1640505 1.1555357 1.1915378 1.1915378 1.1872461 1.1293627 1.1369757 1.1293627 1.0612031 1.1072003 1.2656977 1.1626826 1.1598583 1.1522209 1.1671900 1.1872646 1.1992623 1.2113074 1.1738759 1.1586441 1.1562418 1.1237821 1.1310911 1.1136909 1.1571128 1.1400804 1.2052265 1.3718340 1.3336257 1.3755731 0.2535882 0.2525994 0.2076140 0.1310417 0.1777301 0.1347031 0.0874496 0.0000000 1.0550055 0.9932959 0.9943862 0.9981466 0.9677145 0.9716951 1.0097041 0.9945577 0.9930969 1.0262549 1.0371595 0.9713769 0.9944218 0.9620222 0.9654181 1.0270022 1.0270022 1.0244284 0.9958653 
JX436460_i1                  2.4696496 1.2198759 1.2169490 1.2169490 1.2180013 1.2131704 1.2443466 1.2117051 1.2181661 1.2290030 1.2235136 1.2256679 1.2079794 1.1589666 1.2219361 1.1822525 1.2839908 1.2839908 1.2873101 1.2226449 1.2322693 1.2226449 1.1858236 1.1990096 1.2441977 1.2055240 1.2025416 1.2442938 1.1385511 1.0906349 1.1284069 1.1324376 1.1538883 1.1916044 1.1671171 1.2055561 1.2012862 1.1813508 1.1841208 1.1979655 1.2091042 1.3395746 1.4418474 1.4310403 1.0731803 1.0741346 1.0674099 1.0242368 1.0794093 1.0619710 1.0399420 1.0550055 0.0000000 0.6106064 0.6099935 0.6038936 0.5849802 0.5851416 0.7056385 0.7013978 0.7012673 0.6993379 0.6322333 0.7029337 0.6004511 0.5811774 0.5823011 0.5917259 0.5917259 0.5627621 0.5715993 
NC_002516_i1                 2.2393565 1.2722405 1.2745838 1.2745838 1.2445635 1.1983949 1.2277103 1.2216800 1.2319411 1.2255647 1.2218453 1.2251492 1.2025900 1.2162643 1.2336932 1.2094902 1.2316633 1.2316633 1.2116619 1.1728039 1.1800152 1.1728039 1.1146552 1.1590420 1.1877701 1.1348198 1.1303039 1.2179960 1.1312568 1.0774876 1.1159902 1.1022912 1.1189702 1.1474792 1.1252371 1.0748515 1.0837754 1.0612270 1.0998875 1.0878560 1.2242283 1.3598775 1.3611646 1.3501199 1.0271965 1.0281614 0.9982286 0.9697734 1.0020448 0.9657011 0.9688760 0.9932959 0.6106064 0.0000000 0.0014926 0.0885932 0.4435855 0.4457003 0.5295978 0.5244306 0.5217876 0.5708449 0.5146227 0.5242765 0.5624081 0.4572030 0.4526158 0.5231342 0.5231342 0.4941086 0.4990606 
