69
NC_002947_2_i1               0.0000000 1.2463921 1.5257949 0.1259827 1.3500218 0.5061049 1.2463921 0.5263488 1.2425078 1.2383435 0.5924177 1.1626733 1.2728709 1.1484314 1.2546313 1.2509100 1.2762982 0.6956961 0.5773089 1.3500218 1.1265426 1.2406551 0.5578010 1.4865550 1.2474852 1.0857135 1.0671903 1.2950749 1.1851006 1.5013896 1.2903425 1.2992894 1.1836948 0.9910726 1.3158936 1.2945521 0.6431963 1.0143003 0.5061049 0.6508261 1.2225801 1.0275648 1.2580376 1.2383459 1.2541179 1.0249575 1.3072049 1.2437122 0.6476219 1.1632734 1.2545322 0.9943896 1.2762982 0.5773089 1.2570110 1.1752496 1.0397755 1.3136459 1.2932238 0.5088803 0.5084291 1.2427880 0.5366858 0.6604578 0.5631739 1.2427733 0.5080545 1.2847027 1.3396960 
AJ320483_i3                  1.2463921 0.0000000 1.2534613 1.2160908 0.5966884 1.2315582 0.0000010 1.2188339 0.8679469 0.9172150 1.1590242 0.8207197 0.3429650 0.8563852 0.3270101 0.9112197 0.3661976 1.2437658 1.1859685 0.5966884 0.8498008 0.8839874 1.1128430 1.2362930 0.9090888 1.1841818 1.2080208 0.3458571 0.8864017 1.2442308 0.9162453 0.6031708 0.8369784 1.1926233 0.3693520 0.3441973 1.1787494 1.1183117 1.2315582 1.1920942 0.8770958 1.1950965 0.3545390 0.8855149 0.3515198 1.1434942 0.3429734 1.0126909 1.1875360 0.8415972 0.8896182 1.1894895 0.3661976 1.1838504 0.0000010 0.0033899 1.1577910 0.3429997 0.3421182 1.1651601 1.1663447 0.2382264 1.1873245 1.1967176 1.1064570 0.3460545 1.1446826 0.3491245 0.8680379 
NC_003063_i5                 1.5257949 1.2534613 0.0000000 1.4647980 1.2903086 1.3448933 1.2534613 1.4415981 1.0595057 1.0890333 1.3887520 1.0406356 1.2482159 1.1172011 1.2289979 1.0529926 1.2592101 1.4466628 1.3805308 1.2903086 1.1286477 1.1060113 1.4664798 0.9376719 1.0502416 1.3857885 1.3848765 1.2446001 1.1680027 0.2794499 1.0335494 1.2513896 1.0019741 1.3548063 1.2390919 1.2392583 1.3726011 1.3912140 1.3448933 1.3705905 1.0798710 1.3402384 1.2186616 1.1263096 1.2348427 1.3445442 1.2360017 1.1493793 1.3727624 1.1055883 1.1015723 1.3821803 1.2592101 1.3778064 1.2534613 1.2711347 1.3313804 1.2405471 1.2424405 1.3922451 1.4002159 1.2181117 1.4092246 1.3939425 1.4588961 1.2604749 1.3987048 1.2481073 1.0863978 
NC_002947_i1                 0.1259827 1.2160908 1.4647980 0.0000000 1.3333437 0.4614219 1.2160908 0.4824521 1.2489239 1.2268875 0.5338428 1.1853652 1.2755040 1.1626347 1.2517793 1.2253882 1.2980584 0.6282033 0.5242335 1.3333437 1.1501019 1.2892533 0.5239412 1.5120563 1.2223722 1.0684126 1.0782453 1.2737509 1.2373052 1.4514728 1.2646152 1.3131498 1.2010367 1.0262012 1.3058385 1.2733017 0.6014366 1.0461606 0.4614219 0.6261138 1.2160618 1.0682455 1.2625440 1.2770455 1.2649740 1.0386058 1.2845268 1.2432497 0.6256134 1.1638821 1.2978515 1.0370502 1.2980584 0.5242335 1.2257806 1.1721732 1.0499501 1.2909220 1.2721498 0.4671128 0.4647617 1.2281365 0.4877931 0.6350263 0.5273154 1.2483052 0.4799859 1.3084097 1.3368675 
NC_010465_i3                 1.3500218 0.5966884 1.2903086 1.3333437 0.0000000 1.2480005 0.5966884 1.2535239 0.9545214 0.9979674 1.2836504 0.8935624 0.5247473 0.9248031 0.5476576 0.9878647 0.5309897 1.2083741 1.2855316 0.0000010 0.9158028 0.9695977 1.2282058 1.2842400 0.9855673 1.2648818 1.2718490 0.5335311 0.9734833 1.3076027 0.9973499 0.2376374 0.8960567 1.2735111 0.5510417 0.5310557 1.2824474 1.2463811 1.2480005 1.2775869 0.9658215 1.2433068 0.5215572 0.9712954 0.4835215 1.2477408 0.5264988 0.9977881 1.2782217 0.9207533 0.9678921 1.2941283 0.5309897 1.2856248 0.5973075 0.5338219 1.2333962 0.5348687 0.5356209 1.2582920 1.2576907 0.5674220 1.2708079 1.2806631 1.2239709 0.5872097 1.2363793 0.5334350 0.9893178 
NC_002506_i1                 0.5061049 1.2315582 1.3448933 0.4614219 1.2480005 0.0000000 1.2315582 0.4004307 1.0948945 1.1324249 0.4482653 1.1221911 1.1921802 1.0954499 1.1987242 1.1749147 1.2210414 0.5775360 0.4501922 1.2480005 1.0732388 1.1103623 0.4538218 1.4146040 1.1720170 1.0031073 1.0086434 1.2273142 1.0780292 1.3635811 1.2201756 1.2123503 1.1003121 0.9511316 1.2252709 1.2257987 0.5268547 0.9834625 0.0000010 0.5619965 1.1243958 0.9402677 1.2076089 1.1354771 1.1548290 0.9487183 1.2329393 1.1647294 0.5647593 1.0972105 1.1098014 0.9593840 1.2210414 0.4476846 1.2403534 1.1386972 0.9476801 1.2382183 1.2298214 0.3610649 0.3616140 1.1668912 0.3403520 0.5798282 0.4576894 1.2238074 0.3250930 1.2242400 1.2129605 
NC_016810_i3                 1.2463921 0.0000010 1.2534613 1.2160908 0.5966884 1.2315582 0.0000000 1.2188339 0.8679469 0.9172150 1.1590242 0.8207197 0.3429650 0.8563852 0.3270101 0.9112197 0.3661976 1.2437658 1.1859685 0.5966884 0.8498008 0.8839874 1.1128430 1.2362930 0.9090888 1.1841818 1.2080208 0.3458571 0.8864017 1.2442308 0.9162453 0.6031708 0.8369784 1.1926233 0.3693520 0.3441973 1.1787494 1.1183117 1.2315582 1.1920942 0.8770958 1.1950965 0.3545390 0.8855149 0.3515198 1.1434942 0.3429734 1.0126909 1.1875360 0.8415972 0.8896182 1.1894895 0.3661976 1.1838504 0.0000010 0.0033899 1.1577910 0.3429997 0.3421182 1.1651601 1.1663447 0.2382264 1.1873245 1.1967176 1.1064570 0.3460545 1.1446826 0.3491245 0.8680379 
NC_011274_i1                 0.5263488 1.2188339 1.4415981 0.4824521 1.2535239 0.4004307 1.2188339 0.0000000 1.2041820 1.2097541 0.5630945 1.2053974 1.2489391 1.1224973 1.2484979 1.2010877 1.2944388 0.6054672 0.5644848 1.2535239 1.1081800 1.2187634 0.5520491 1.4613781 1.1980793 0.9553172 0.9667988 1.2673129 1.1418558 1.4766225 1.2963000 1.2755917 1.1747994 0.9521152 1.2554049 1.2673698 0.6032492 1.0004506 0.4004307 0.6450527 1.1932874 0.9504419 1.2198836 1.2385234 1.2676872 0.9740371 1.2681970 1.1811338 0.6460731 1.1381874 1.2179915 0.9891038 1.2944388 0.5639423 1.2303274 1.1378538 0.9762695 1.2654711 1.2714882 0.3588637 0.3599668 1.2513370 0.3938512 0.6570802 0.5575815 1.2489592 0.3868156 1.2870462 1.3374868 
NC_003296_i4b                1.2425078 0.8679469 1.0595057 1.2489239 0.9545214 1.0948945 0.8679469 1.2041820 0.0000000 0.1799310 1.1266853 0.4364182 0.8673239 0.5470332 0.8639068 0.6201749 0.8790629 1.1574966 1.1194828 0.9545214 0.5410823 0.4111551 1.1302599 1.0406268 0.6195360 1.1592205 1.1540485 0.8507806 0.4116033 1.0706768 0.6208544 0.9686316 0.4261856 1.1782392 0.8320248 0.8494666 1.1155856 1.1772344 1.0948945 1.0844645 0.1694904 1.1676962 0.8517086 0.4062390 0.8709901 1.1617588 0.8558766 0.7243223 1.0802759 0.5453599 0.4058686 1.1760205 0.8790629 1.1181736 0.8671071 0.7920094 1.1685241 0.8396186 0.8555218 1.1525279 1.1563599 0.8541742 1.1318715 1.1017606 1.1319997 0.8389811 1.1011795 0.8469705 0.7356468 
NC_007651_i4b                1.2383435 0.9172150 1.0890333 1.2268875 0.9979674 1.1324249 0.9172150 1.2097541 0.1799310 0.0000000 1.1526333 0.4724032 0.9052812 0.5606347 0.9086779 0.6492935 0.9242898 1.1778871 1.1467089 0.9979674 0.5551304 0.4389891 1.1621473 1.0598836 0.6490552 1.1581763 1.1600063 0.8981163 0.4473706 1.0647690 0.6527000 1.0297685 0.4539393 1.1800336 0.8845030 0.8985882 1.0792805 1.1621512 1.1324249 1.1260889 0.0794505 1.1506902 0.8778678 0.4523350 0.9480126 1.1524638 0.8945867 0.7229016 1.1307264 0.5669937 0.4369172 1.1830124 0.9242898 1.1453547 0.9159406 0.8397974 1.1367295 0.8893053 0.9018022 1.2025940 1.2106222 0.8989428 1.1413561 1.1405149 1.1610930 0.8862018 1.1148830 0.9083558 0.7632481 
NC_004578_i1                 0.5924177 1.1590242 1.3887520 0.5338428 1.2836504 0.4482653 1.1590242 0.5630945 1.1266853 1.1526333 0.0000000 1.1030233 1.2600307 1.0841753 1.2105593 1.1280395 1.2369681 0.6043339 0.0852214 1.2836504 1.0618542 1.1208130 0.4564584 1.4153664 1.1235381 1.0441480 1.0401985 1.2576893 1.0812179 1.4074513 1.2378387 1.2322347 1.0951085 0.9823836 1.2859298 1.2577534 0.5317162 1.0075132 0.4482653 0.5302521 1.1305699 0.9730660 1.2522943 1.1400613 1.2278558 1.0034838 1.2458608 1.1982382 0.5329109 1.0735734 1.1205245 0.9913444 1.2369681 0.0852548 1.1662921 1.1205142 0.9763719 1.2612212 1.2542445 0.5270707 0.5271928 1.1709062 0.4930415 0.5366955 0.4537780 1.2479764 0.4958620 1.2172092 1.2669334 
NC_007005_i4b                1.1626733 0.8207197 1.0406356 1.1853652 0.8935624 1.1221911 0.8207197 1.2053974 0.4364182 0.4724032 1.1030233 0.0000000 0.8391462 0.4503591 0.8377392 0.5781204 0.8520702 1.2012508 1.1007666 0.8935624 0.4518439 0.4912297 1.1231396 1.0424334 0.5775250 1.1488250 1.1560990 0.8785042 0.4869551 1.0400849 0.5762849 0.9022148 0.0651628 1.1195586 0.8541485 0.8778517 1.0530959 1.1706942 1.1221911 1.1097670 0.4633717 1.1322419 0.8464199 0.4965058 0.8383043 1.1214180 0.8510782 0.6966224 1.1055091 0.4341680 0.4875112 1.1599495 0.8520702 1.0988692 0.8205918 0.7400861 1.1171954 0.8661367 0.8720651 1.1104366 1.1147400 0.8101577 1.1367949 1.1441022 1.1216271 0.8553989 1.0822237 0.8435337 0.7240326 
NC_014121_i3                 1.2728709 0.3429650 1.2482159 1.2755040 0.5247473 1.1921802 0.3429650 1.2489391 0.8673239 0.9052812 1.2600307 0.8391462 0.0000000 0.8595243 0.2905001 0.8956291 0.3457498 1.1689639 1.2342039 0.5247473 0.8567731 0.8772552 1.0929567 1.2406877 0.8935466 1.2320691 1.2440661 0.1613733 0.8713828 1.1841014 0.8908312 0.5353001 0.8409834 1.2221086 0.1047851 0.1611766 1.1874187 1.1836430 1.1921802 1.2137082 0.8883745 1.2133720 0.1215062 0.8935400 0.2855151 1.1981889 0.1592115 0.9567005 1.2091290 0.8665103 0.8839206 1.2095223 0.3457498 1.2319948 0.3395229 0.2956638 1.1879399 0.1533269 0.1578470 1.2442783 1.2387588 0.3114979 1.2430677 1.2273042 1.0819923 0.2489771 1.2034508 0.3418793 0.8655445 
AY424360_i4b                 1.1484314 0.8563852 1.1172011 1.1626347 0.9248031 1.0954499 0.8563852 1.1224973 0.5470332 0.5606347 1.0841753 0.4503591 0.8595243 0.0000000 0.8399374 0.6229273 0.8560257 1.1929395 1.0874749 0.9248031 0.0000010 0.5915610 1.0735045 1.0794268 0.6222778 1.1442988 1.1515295 0.8473815 0.5979942 1.1202515 0.6262260 0.9346472 0.4359666 1.1377553 0.8522630 0.8492587 1.0783922 1.1119190 1.0954499 1.0785793 0.5472851 1.1266853 0.8642551 0.5816714 0.8414328 1.1336587 0.8421601 0.6500023 1.0788774 0.0415254 0.5948942 1.1620006 0.8560257 1.0856017 0.8627558 0.7988295 1.1164243 0.8451455 0.8553106 1.1216671 1.1228443 0.8369550 1.1476141 1.1091465 1.0760219 0.8650673 1.1091438 0.8373418 0.7408079 
NC_008752_i3                 1.2546313 0.3270101 1.2289979 1.2517793 0.5476576 1.1987242 0.3270101 1.2484979 0.8639068 0.9086779 1.2105593 0.8377392 0.2905001 0.8399374 0.0000000 0.8756906 0.2880458 1.2025982 1.1968440 0.5476576 0.8341715 0.8823002 1.1179345 1.2330732 0.8736588 1.2311560 1.2306397 0.2731958 0.8673544 1.1775020 0.8751909 0.5645293 0.8438392 1.2327963 0.3029484 0.2731805 1.2065640 1.1723562 1.1987242 1.2184222 0.8864160 1.1731449 0.2832096 0.8885543 0.2736024 1.1661664 0.2682016 0.9813675 1.2187985 0.8308296 0.8896746 1.1914882 0.2880458 1.1947268 0.3237479 0.2772265 1.1594926 0.2715163 0.2730859 1.2183810 1.2313051 0.3096257 1.2360029 1.2365742 1.1130237 0.2547276 1.2064282 0.3025354 0.8608583 
NC_002516_i4a                1.2509100 0.9112197 1.0529926 1.2253882 0.9878647 1.1749147 0.9112197 1.2010877 0.6201749 0.6492935 1.1280395 0.5781204 0.8956291 0.6229273 0.8756906 0.0000000 0.8984625 1.2121828 1.1335770 0.9878647 0.6321702 0.6699066 1.1696045 1.1176494 0.0014487 1.1602356 1.1593878 0.8960747 0.6805402 1.0889886 0.2829619 0.9913022 0.5533737 1.1717434 0.9280265 0.8954065 1.0922293 1.1614497 1.1749147 1.1253958 0.6488842 1.1565035 0.8652271 0.6953083 0.8656377 1.1613130 0.8810602 0.7216539 1.1300009 0.6186461 0.6747477 1.1594055 0.8984625 1.1316351 0.9101736 0.8278887 1.1600360 0.8922200 0.8963853 1.1800379 1.1866909 0.8810694 1.1915896 1.1546644 1.1724852 0.8769222 1.1784492 0.8733390 0.8198000 
NC_008463_i3                 1.2762982 0.3661976 1.2592101 1.2980584 0.5309897 1.2210414 0.3661976 1.2944388 0.8790629 0.9242898 1.2369681 0.8520702 0.3457498 0.8560257 0.2880458 0.8984625 0.0000000 1.2781690 1.2311380 0.5309897 0.8507038 0.8916919 1.1845832 1.2264503 0.8963713 1.2679638 1.2766688 0.3341370 0.8828224 1.2539381 0.8611582 0.5565342 0.8359074 1.2237131 0.3522046 0.3351190 1.2610449 1.2048657 1.2210414 1.2427437 0.9087389 1.1933723 0.3291415 0.8926250 0.2189482 1.1792736 0.3394986 0.9817827 1.2380901 0.8392931 0.8994669 1.2235324 0.0000010 1.2289523 0.3666257 0.3120465 1.1628519 0.3318927 0.3370878 1.2619151 1.2598229 0.3377262 1.2655307 1.2433364 1.1733607 0.3140088 1.2351515 0.0817417 0.8401218 
JX436460_i1                  0.6956961 1.2437658 1.4466628 0.6282033 1.2083741 0.5775360 1.2437658 0.6054672 1.1574966 1.1778871 0.6043339 1.2012508 1.1689639 1.1929395 1.2025982 1.2121828 1.2781690 0.0000000 0.6114402 1.2083741 1.1730769 1.1319014 0.5854256 1.3794251 1.2091717 1.0631535 1.0623867 1.2210117 1.0943366 1.4185204 1.2513858 1.2219814 1.1860788 1.0622451 1.2311261 1.2236492 0.7029337 1.0611770 0.5775360 0.7044197 1.1671171 1.0162121 1.2051865 1.1420870 1.1830188 1.0389266 1.2170785 1.2437242 0.7045520 1.2007637 1.1359530 1.0617594 1.2781690 0.6120546 1.2533629 1.1872022 1.0269582 1.2160044 1.2215004 0.5904132 0.5940577 1.1917607 0.5627621 0.7088378 0.5852644 1.2530220 0.5715993 1.2827162 1.2291175 
NC_008463_i1                 0.5773089 1.1859685 1.3805308 0.5242335 1.2855316 0.4501922 1.1859685 0.5644848 1.1194828 1.1467089 0.0852214 1.1007666 1.2342039 1.0874749 1.1968440 1.1335770 1.2311380 0.6114402 0.0000000 1.2855316 1.0650687 1.1071224 0.4482949 1.4349866 1.1290608 1.0322175 1.0340432 1.2650286 1.0664721 1.3734506 1.2130688 1.2209451 1.0994979 0.9833214 1.2651902 1.2633317 0.5348838 1.0241838 0.4501922 0.5317730 1.1300403 0.9850724 1.2200972 1.1446386 1.2360351 1.0027306 1.2568461 1.1920020 0.5344392 1.0844775 1.0934873 0.9986335 1.2311380 0.0014926 1.1931215 1.1142010 0.9857637 1.2625419 1.2599705 0.5178380 0.5205687 1.1752868 0.5032855 0.5345666 0.4461686 1.2356021 0.5113111 1.2262283 1.2684872 
NC_009708_i3                 1.3500218 0.5966884 1.2903086 1.3333437 0.0000010 1.2480005 0.5966884 1.2535239 0.9545214 0.9979674 1.2836504 0.8935624 0.5247473 0.9248031 0.5476576 0.9878647 0.5309897 1.2083741 1.2855316 0.0000000 0.9158028 0.9695977 1.2282058 1.2842400 0.9855673 1.2648818 1.2718490 0.5335311 0.9734833 1.3076027 0.9973499 0.2376374 0.8960567 1.2735111 0.5510417 0.5310557 1.2824474 1.2463811 1.2480005 1.2775869 0.9658215 1.2433068 0.5215572 0.9712954 0.4835215 1.2477408 0.5264988 0.9977881 1.2782217 0.9207533 0.9678921 1.2941283 0.5309897 1.2856248 0.5973075 0.5338219 1.2333962 0.5348687 0.5356209 1.2582920 1.2576907 0.5674220 1.2708079 1.2806631 1.2239709 0.5872097 1.2363793 0.5334350 0.9893178 
NC_013508_i4b                1.1265426 0.8498008 1.1286477 1.1501019 0.9158028 1.0732388 0.8498008 1.1081800 0.5410823 0.5551304 1.0618542 0.4518439 0.8567731 0.0000010 0.8341715 0.6321702 0.8507038 1.1730769 1.0650687 0.9158028 0.0000000 0.5875909 1.0516745 1.0865632 0.6314933 1.1317555 1.1394244 0.8431561 0.5979942 1.1318476 0.6278254 0.9218173 0.4370324 1.1192757 0.8458673 0.8450833 1.0626396 1.0951522 1.0732388 1.0594015 0.5404294 1.1081668 0.8574071 0.5774631 0.8406502 1.1162859 0.8378107 0.6489042 1.0596946 0.0420953 0.5910015 1.1446974 0.8507038 1.0632086 0.8563745 0.7895710 1.0988859 0.8408735 0.8512815 1.1079279 1.1091221 0.8323234 1.1184518 1.0899932 1.0541926 0.8573225 1.0783315 0.8360742 0.7392445 
NC_010400_i4b                1.2406551 0.8839874 1.1060113 1.2892533 0.9695977 1.1103623 0.8839874 1.2187634 0.4111551 0.4389891 1.1208130 0.4912297 0.8772552 0.5915610 0.8823002 0.6699066 0.8916919 1.1319014 1.1071224 0.9695977 0.5875909 0.0000000 1.1509775 1.0137798 0.6692099 1.2132291 1.2120619 0.8902705 0.0065643 1.1016645 0.6728401 0.9570477 0.4938172 1.1752349 0.9059486 0.8891841 1.1376955 1.2117505 1.1103623 1.1828493 0.4258279 1.1739062 0.8911408 0.0847977 0.8821870 1.1861472 0.8776813 0.6692552 1.1784131 0.5810663 0.0087766 1.2240163 0.8916919 1.1058227 0.8822892 0.8197214 1.1802498 0.8838104 0.8860679 1.1963840 1.1951449 0.8787410 1.2069637 1.1949999 1.1458542 0.9021883 1.1700163 0.8799191 0.7464051 
NC_004603_i1                 0.5578010 1.1128430 1.4664798 0.5239412 1.2282058 0.4538218 1.1128430 0.5520491 1.1302599 1.1621473 0.4564584 1.1231396 1.0929567 1.0735045 1.1179345 1.1696045 1.1845832 0.5854256 0.4482949 1.2282058 1.0516745 1.1509775 0.0000000 1.3766295 1.1677759 1.0407726 1.0408194 1.1166684 1.1260037 1.4469242 1.2436574 1.1678659 1.1242378 0.9991717 1.1253107 1.1128748 0.5374692 0.9896866 0.4538218 0.6025611 1.1417743 0.9913487 1.0939469 1.1325537 1.1067755 0.9703426 1.1114198 1.1867304 0.6028070 1.0836501 1.1574567 1.0279907 1.1845832 0.4458001 1.1221027 1.0628585 0.9695037 1.1172333 1.1061404 0.4718752 0.4775851 1.0785411 0.4917615 0.5835812 0.0117926 1.1495422 0.4731314 1.1808420 1.2377148 
NC_004605_i5                 1.4865550 1.2362930 0.9376719 1.5120563 1.2842400 1.4146040 1.2362930 1.4613781 1.0406268 1.0598836 1.4153664 1.0424334 1.2406877 1.0794268 1.2330732 1.1176494 1.2264503 1.3794251 1.4349866 1.2842400 1.0865632 1.0137798 1.3766295 0.0000000 1.1149724 1.4700975 1.4539399 1.2608337 1.0616533 0.9449282 1.0783552 1.2713462 1.0227581 1.4831373 1.2642859 1.2627293 1.4329094 1.4245534 1.4146040 1.4860149 1.0655568 1.3931648 1.2467592 1.0235762 1.2027557 1.4172420 1.2624741 1.1714673 1.4867836 1.0621394 1.0156738 1.4979636 1.2264503 1.4357601 1.2412773 1.1929916 1.3919601 1.2656325 1.2621504 1.4393520 1.4383443 1.2391460 1.4383473 1.4956207 1.3811453 1.2878664 1.4128974 1.1927904 0.7725107 
NC_008463_i4a                1.2474852 0.9090888 1.0502416 1.2223722 0.9855673 1.1720170 0.9090888 1.1980793 0.6195360 0.6490552 1.1235381 0.5775250 0.8935466 0.6222778 0.8736588 0.0014487 0.8963713 1.2091717 1.1290608 0.9855673 0.6314933 0.6692099 1.1677759 1.1149724 0.0000000 1.1573942 1.1565436 0.8939951 0.6797447 1.0861514 0.2831669 0.9889846 0.5528068 1.1688603 0.9258573 0.8933294 1.0905315 1.1585904 1.1720170 1.1208720 0.6486451 1.1536839 0.8632216 0.6945855 0.8636157 1.1584911 0.8790168 0.7212311 1.1254613 0.6179903 0.6740464 1.1565505 0.8963713 1.1271282 0.9080624 0.8256453 1.1572043 0.8901533 0.8943035 1.1771426 1.1837791 0.8790134 1.1868850 1.1500394 1.1706527 0.8749001 1.1737892 0.8712898 0.8179166 
NC_004431_i2                 1.0857135 1.1841818 1.3857885 1.0684126 1.2648818 1.0031073 1.1841818 0.9553172 1.1592205 1.1581763 1.0441480 1.1488250 1.2320691 1.1442988 1.2311560 1.1602356 1.2679638 1.0631535 1.0322175 1.2648818 1.1317555 1.2132291 1.0407726 1.4700975 1.1573942 0.0000000 0.0205274 1.2462155 1.1790968 1.4376501 1.1920147 1.2558529 1.1411753 0.2540435 1.2286082 1.2478386 0.9751158 0.2798415 1.0031073 1.0316946 1.1594098 0.2697789 1.1747034 1.1989165 1.2373760 0.2555562 1.2444480 1.2175879 1.0331925 1.1259845 1.2292063 0.2718984 1.2679638 1.0312926 1.1936498 1.1076900 0.2612572 1.2227251 1.2477424 0.9952916 1.0040376 1.1863015 1.0740375 1.0258397 1.0404207 1.2590776 1.0339711 1.2386375 1.2736039 
KF678349_i2                  1.0671903 1.2080208 1.3848765 1.0782453 1.2718490 1.0086434 1.2080208 0.9667988 1.1540485 1.1600063 1.0401985 1.1560990 1.2440661 1.1515295 1.2306397 1.1593878 1.2766688 1.0623867 1.0340432 1.2718490 1.1394244 1.2120619 1.0408194 1.4539399 1.1565436 0.0205274 0.0000000 1.2550846 1.1770977 1.4367147 1.1778752 1.2604475 1.1423632 0.2695226 1.2381632 1.2567131 0.9683575 0.2818880 1.0086434 1.0086798 1.1590640 0.2625783 1.1768032 1.1958707 1.2389655 0.2560528 1.2487381 1.2048341 1.0101540 1.1316411 1.2279920 0.2726728 1.2766688 1.0331163 1.2175204 1.1143717 0.2593296 1.2281110 1.2566148 1.0076852 1.0165610 1.2006392 1.0751110 1.0044324 1.0404669 1.2733389 1.0373402 1.2458489 1.2681636 
SM39                         1.2950749 0.3458571 1.2446001 1.2737509 0.5335311 1.2273142 0.3458571 1.2673129 0.8507806 0.8981163 1.2576893 0.8785042 0.1613733 0.8473815 0.2731958 0.8960747 0.3341370 1.2210117 1.2650286 0.5335311 0.8431561 0.8902705 1.1166684 1.2608337 0.8939951 1.2462155 1.2550846 0.0000000 0.8836777 1.1999673 0.8808937 0.5649162 0.8762038 1.2623521 0.1430415 0.0028528 1.2023639 1.1842936 1.2273142 1.2313657 0.8741085 1.2150954 0.1561282 0.8879300 0.2904140 1.2118042 0.0498259 0.9830126 1.2267209 0.8448205 0.8952443 1.2398470 0.3341370 1.2595830 0.3424360 0.3072663 1.2056432 0.0288148 0.0057116 1.2610918 1.2652237 0.3313231 1.2514793 1.2566038 1.1094393 0.2241699 1.2187732 0.3261535 0.8573621 
NC_009085_i4b                1.1851006 0.8864017 1.1680027 1.2373052 0.9734833 1.0780292 0.8864017 1.1418558 0.4116033 0.4473706 1.0812179 0.4869551 0.8713828 0.5979942 0.8673544 0.6805402 0.8828224 1.0943366 1.0664721 0.9734833 0.5979942 0.0065643 1.1260037 1.0616533 0.6797447 1.1790968 1.1770977 0.8836777 0.0000000 1.1610786 0.6784560 0.9369500 0.4885482 1.1373399 0.8946462 0.8824715 1.1243037 1.1839007 1.0780292 1.1543417 0.4338388 1.1495790 0.8733304 0.0868635 0.8662262 1.1728905 0.8642151 0.6866400 1.1495316 0.5927103 0.0065646 1.1933984 0.8828224 1.0664721 0.8844674 0.8131829 1.1560728 0.8747803 0.8789937 1.1543200 1.1529274 0.8758146 1.1331245 1.1658884 1.1243063 0.8955665 1.0927732 0.8711098 0.7595036 
NC_008378_i5                 1.5013896 1.2442308 0.2794499 1.4514728 1.3076027 1.3635811 1.2442308 1.4766225 1.0706768 1.0647690 1.4074513 1.0400849 1.1841014 1.1202515 1.1775020 1.0889886 1.2539381 1.4185204 1.3734506 1.3076027 1.1318476 1.1016645 1.4469242 0.9449282 1.0861514 1.4376501 1.4367147 1.1999673 1.1610786 0.0000000 1.0547446 1.2416089 1.0162072 1.3921857 1.1881986 1.1992116 1.4208699 1.4087807 1.3635811 1.3291973 1.0443215 1.3671866 1.1628148 1.1181793 1.1981130 1.3815282 1.2021963 1.1948503 1.3351184 1.1242714 1.1005240 1.4156210 1.2539381 1.3707540 1.2442308 1.2508171 1.3716467 1.1931021 1.1957352 1.4291047 1.4291021 1.1748958 1.4344767 1.3449517 1.4552645 1.1992147 1.4026753 1.2407409 1.1063382 
NC_013716_i4a                1.2903425 0.9162453 1.0335494 1.2646152 0.9973499 1.2201756 0.9162453 1.2963000 0.6208544 0.6527000 1.2378387 0.5762849 0.8908312 0.6262260 0.8751909 0.2829619 0.8611582 1.2513858 1.2130688 0.9973499 0.6278254 0.6728401 1.2436574 1.0783552 0.2831669 1.1920147 1.1778752 0.8808937 0.6784560 1.0547446 0.0000000 1.0013807 0.5697515 1.1543947 0.9106838 0.8805418 1.1463046 1.1050043 1.2201756 1.1308715 0.6550902 1.1208339 0.8788161 0.6847058 0.8835912 1.1245566 0.8776099 0.7644119 1.1265151 0.6040734 0.6747014 1.1555627 0.8611582 1.2109430 0.9140556 0.8363918 1.1290070 0.8865500 0.8838613 1.2756432 1.2803373 0.8791411 1.2549854 1.1502923 1.2438564 0.8873307 1.2258950 0.8450024 0.7963203 
NC_020211_2_i3               1.2992894 0.6031708 1.2513896 1.3131498 0.2376374 1.2123503 0.6031708 1.2755917 0.9686316 1.0297685 1.2322347 0.9022148 0.5353001 0.9346472 0.5645293 0.9913022 0.5565342 1.2219814 1.2209451 0.2376374 0.9218173 0.9570477 1.1678659 1.2713462 0.9889846 1.2558529 1.2604475 0.5649162 0.9369500 1.2416089 1.0013807 0.0000000 0.9115831 1.2677708 0.5869391 0.5642362 1.2827327 1.2372678 1.2123503 1.2424564 0.9986127 1.2546942 0.5428005 0.9571625 0.5145876 1.2581378 0.5565574 0.9764563 1.2423375 0.9144112 0.9563463 1.2867104 0.5565342 1.2210536 0.6051985 0.5504909 1.2420745 0.5640013 0.5628936 1.2370904 1.2326666 0.5915736 1.2618544 1.2406167 1.1686199 0.6122869 1.2204860 0.5619942 0.9879000 
NC_002947_i4b                1.1836948 0.8369784 1.0019741 1.2010367 0.8960567 1.1003121 0.8369784 1.1747994 0.4261856 0.4539393 1.0951085 0.0651628 0.8409834 0.4359666 0.8438392 0.5533737 0.8359074 1.1860788 1.0994979 0.8960567 0.4370324 0.4938172 1.1242378 1.0227581 0.5528068 1.1411753 1.1423632 0.8762038 0.4885482 1.0162072 0.5697515 0.9115831 0.0000000 1.1471366 0.8629739 0.8755524 1.0459777 1.1828456 1.1003121 1.1027139 0.4437721 1.1507416 0.8542509 0.4974606 0.8353997 1.1410744 0.8549903 0.7071640 1.1072585 0.4163369 0.4910565 1.1653282 0.8359074 1.0976051 0.8364082 0.7527343 1.1402607 0.8647386 0.8749799 1.0928813 1.0993268 0.8248143 1.1301483 1.1429932 1.1227240 0.8659910 1.0727199 0.8404397 0.7173937 
NC_013961_i2                 0.9910726 1.1926233 1.3548063 1.0262012 1.2735111 0.9511316 1.1926233 0.9521152 1.1782392 1.1800336 0.9823836 1.1195586 1.2221086 1.1377553 1.2327963 1.1717434 1.2237131 1.0622451 0.9833214 1.2735111 1.1192757 1.1752349 0.9991717 1.4831373 1.1688603 0.2540435 0.2695226 1.2623521 1.1373399 1.3921857 1.1543947 1.2677708 1.1471366 0.0000000 1.2299862 1.2631769 0.9856415 0.1982244 0.9511316 0.9590876 1.1723296 0.1665878 1.1995714 1.1741257 1.2031953 0.1475750 1.2579819 1.2266451 0.9584497 1.1269073 1.1872551 0.2382205 1.2237131 0.9790583 1.2065995 1.0899444 0.1160848 1.2491213 1.2631082 0.9939953 0.9912137 1.1570194 1.0276131 0.9830219 0.9959638 1.2453182 1.0030607 1.2292135 1.2421472 
NC_013961_i3                 1.3158936 0.3693520 1.2390919 1.3058385 0.5510417 1.2252709 0.3693520 1.2554049 0.8320248 0.8845030 1.2859298 0.8541485 0.1047851 0.8522630 0.3029484 0.9280265 0.3522046 1.2311261 1.2651902 0.5510417 0.8458673 0.9059486 1.1253107 1.2642859 0.9258573 1.2286082 1.2381632 0.1430415 0.8946462 1.1881986 0.9106838 0.5869391 0.8629739 1.2299862 0.0000000 0.1428686 1.2237604 1.1877733 1.2252709 1.2102102 0.8641633 1.1830391 0.1224996 0.9059451 0.3105061 1.1856881 0.1582757 0.9798968 1.2056561 0.8534880 0.9124362 1.2136096 0.3522046 1.2629171 0.3656244 0.3253988 1.1797419 0.1424704 0.1429377 1.2762932 1.2685296 0.3192786 1.2746899 1.2164321 1.1140713 0.2480180 1.2505382 0.3452202 0.8795333 
GCA_000513215.1_DB11_genomic 1.2945521 0.3441973 1.2392583 1.2733017 0.5310557 1.2257987 0.3441973 1.2673698 0.8494666 0.8985882 1.2577534 0.8778517 0.1611766 0.8492587 0.2731805 0.8954065 0.3351190 1.2236492 1.2633317 0.5310557 0.8450833 0.8891841 1.1128748 1.2627293 0.8933294 1.2478386 1.2567131 0.0028528 0.8824715 1.1992116 0.8805418 0.5642362 0.8755524 1.2631769 0.1428686 0.0000000 1.2049806 1.1870457 1.2257987 1.2302943 0.8745846 1.2159072 0.1576361 0.8868447 0.2901734 1.2116790 0.0481725 0.9862485 1.2256556 0.8467226 0.8941495 1.2406628 0.3351190 1.2578959 0.3407927 0.3053584 1.2064540 0.0259171 0.0028540 1.2629329 1.2652815 0.3322994 1.2525145 1.2555016 1.1056631 0.2223259 1.2198053 0.3271458 0.8538254 
NC_008095_i1                 0.6431963 1.1787494 1.3726011 0.6014366 1.2824474 0.5268547 1.1787494 0.6032492 1.1155856 1.0792805 0.5317162 1.0530959 1.1874187 1.0783922 1.2065640 1.0922293 1.2610449 0.7029337 0.5348838 1.2824474 1.0626396 1.1376955 0.5374692 1.4329094 1.0905315 0.9751158 0.9683575 1.2023639 1.1243037 1.4208699 1.1463046 1.2827327 1.0459777 0.9856415 1.2237604 1.2049806 0.0000000 0.9384537 0.5268547 0.5535058 1.1076647 0.9520203 1.1790649 1.1488171 1.2021611 0.9614778 1.2029589 1.1459375 0.5562072 1.0740847 1.1357695 0.9592061 1.2610449 0.5342903 1.1871701 1.1310408 0.9546915 1.1959867 1.2039437 0.5849109 0.5866972 1.1611938 0.5947847 0.5594655 0.5364606 1.2315033 0.5836693 1.2306855 1.2327998 
NC_017626_i2                 1.0143003 1.1183117 1.3912140 1.0461606 1.2463811 0.9834625 1.1183117 1.0004506 1.1772344 1.1621512 1.0075132 1.1706942 1.1836430 1.1119190 1.1723562 1.1614497 1.2048657 1.0611770 1.0241838 1.2463811 1.0951522 1.2117505 0.9896866 1.4245534 1.1585904 0.2798415 0.2818880 1.1842936 1.1839007 1.4087807 1.1050043 1.2372678 1.1828456 0.1982244 1.1877733 1.1870457 0.9384537 0.0000000 0.9834625 0.9669641 1.1728481 0.2024551 1.1413639 1.1866300 1.1591403 0.1777301 1.2040955 1.1864521 0.9673619 1.1032037 1.2254327 0.2329354 1.2048657 1.0231136 1.1283940 1.0350962 0.1702532 1.1741392 1.1918080 1.0249298 1.0261305 1.0872597 1.0582738 0.9814271 0.9878797 1.2206960 1.0134348 1.1790516 1.2172991 
NZ_AAKJ02000013_i1           0.5061049 1.2315582 1.3448933 0.4614219 1.2480005 0.0000010 1.2315582 0.4004307 1.0948945 1.1324249 0.4482653 1.1221911 1.1921802 1.0954499 1.1987242 1.1749147 1.2210414 0.5775360 0.4501922 1.2480005 1.0732388 1.1103623 0.4538218 1.4146040 1.1720170 1.0031073 1.0086434 1.2273142 1.0780292 1.3635811 1.2201756 1.2123503 1.1003121 0.9511316 1.2252709 1.2257987 0.5268547 0.9834625 0.0000000 0.5619965 1.1243958 0.9402677 1.2076089 1.1354771 1.1548290 0.9487183 1.2329393 1.1647294 0.5647593 1.0972105 1.1098014 0.9593840 1.2210414 0.4476846 1.2403534 1.1386972 0.9476801 1.2382183 1.2298214 0.3610649 0.3616140 1.1668912 0.3403520 0.5798282 0.4576894 1.2238074 0.3250930 1.2242400 1.2129605 
NC_006351_i1                 0.6508261 1.1920942 1.3705905 0.6261138 1.2775869 0.5619965 1.1920942 0.6450527 1.0844645 1.1260889 0.5302521 1.1097670 1.2137082 1.0785793 1.2184222 1.1253958 1.2427437 0.7044197 0.5317730 1.2775869 1.0594015 1.1828493 0.6025611 1.4860149 1.1208720 1.0316946 1.0086798 1.2313657 1.1543417 1.3291973 1.1308715 1.2424564 1.1027139 0.9590876 1.2102102 1.2302943 0.5535058 0.9669641 0.5619965 0.0000000 1.1119539 0.9753352 1.2110404 1.1630869 1.2109875 0.9871619 1.2140278 1.1439615 0.0014772 1.0810649 1.1838262 0.9671400 1.2427437 0.5289985 1.1993731 1.1146010 0.9757036 1.2262246 1.2291961 0.6395705 0.6362574 1.1358975 0.6039793 0.0836602 0.5964580 1.2089649 0.6007905 1.2480101 1.3226914 
NC_011000_i4b                1.2225801 0.8770958 1.0798710 1.2160618 0.9658215 1.1243958 0.8770958 1.1932874 0.1694904 0.0794505 1.1305699 0.4633717 0.8883745 0.5472851 0.8864160 0.6488842 0.9087389 1.1671171 1.1300403 0.9658215 0.5404294 0.4258279 1.1417743 1.0655568 0.6486451 1.1594098 1.1590640 0.8741085 0.4338388 1.0443215 0.6550902 0.9986127 0.4437721 1.1723296 0.8641633 0.8745846 1.1076647 1.1728481 1.1243958 1.1119539 0.0000000 1.1585310 0.8664503 0.4266712 0.9227283 1.1580047 0.8732102 0.7084737 1.1076740 0.5452070 0.4256537 1.1756399 0.9087389 1.1287078 0.8752831 0.8019686 1.1419854 0.8673246 0.8807742 1.1775544 1.1828318 0.8763581 1.1241120 1.1228993 1.1407368 0.8658791 1.0894008 0.8925556 0.7729720 
NC_013956_i2                 1.0275648 1.1950965 1.3402384 1.0682455 1.2433068 0.9402677 1.1950965 0.9504419 1.1676962 1.1506902 0.9730660 1.1322419 1.2133720 1.1266853 1.1731449 1.1565035 1.1933723 1.0162121 0.9850724 1.2433068 1.1081668 1.1739062 0.9913487 1.3931648 1.1536839 0.2697789 0.2625783 1.2150954 1.1495790 1.3671866 1.1208339 1.2546942 1.1507416 0.1665878 1.1830391 1.2159072 0.9520203 0.2024551 0.9402677 0.9753352 1.1585310 0.0000000 1.1687323 1.1582120 1.1599960 0.1556238 1.2153800 1.2290080 0.9767728 1.1040500 1.1871193 0.2315523 1.1933723 0.9840471 1.2065884 1.0930004 0.1173048 1.2034793 1.2158343 0.9690538 0.9713481 1.1489273 1.0368220 0.9756942 0.9859167 1.2241723 0.9906379 1.2052677 1.2203020 
NC_013956_i3                 1.2580376 0.3545390 1.2186616 1.2625440 0.5215572 1.2076089 0.3545390 1.2198836 0.8517086 0.8778678 1.2522943 0.8464199 0.1215062 0.8642551 0.2832096 0.8652271 0.3291415 1.2051865 1.2200972 0.5215572 0.8574071 0.8911408 1.0939469 1.2467592 0.8632216 1.1747034 1.1768032 0.1561282 0.8733304 1.1628148 0.8788161 0.5428005 0.8542509 1.1995714 0.1224996 0.1576361 1.1790649 1.1413639 1.2076089 1.2110404 0.8664503 1.1687323 0.0000000 0.8956740 0.2956665 1.1669389 0.1652689 0.9511202 1.2064601 0.8545216 0.8978603 1.1727282 0.3291415 1.2179076 0.3509735 0.3119942 1.1533836 0.1561816 0.1577132 1.2416639 1.2374769 0.2997353 1.2263220 1.2164787 1.0830020 0.2354597 1.2002032 0.3189318 0.8949592 
NC_005966_i4b                1.2383459 0.8855149 1.1263096 1.2770455 0.9712954 1.1354771 0.8855149 1.2385234 0.4062390 0.4523350 1.1400613 0.4965058 0.8935400 0.5816714 0.8885543 0.6953083 0.8926250 1.1420870 1.1446386 0.9712954 0.5774631 0.0847977 1.1325537 1.0235762 0.6945855 1.1989165 1.1958707 0.8879300 0.0868635 1.1181793 0.6847058 0.9571625 0.4974606 1.1741257 0.9059451 0.8868447 1.1488171 1.1866300 1.1354771 1.1630869 0.4266712 1.1582120 0.8956740 0.0000000 0.8880069 1.1638736 0.8813805 0.6964511 1.1587168 0.5649494 0.0815441 1.2127022 0.8926250 1.1432846 0.8838003 0.8224655 1.1637821 0.8873649 0.8837260 1.1727963 1.1715514 0.8910843 1.2001495 1.1771852 1.1340222 0.9172939 1.1594258 0.8849055 0.7570725 
NC_008702_i3                 1.2541179 0.3515198 1.2348427 1.2649740 0.4835215 1.1548290 0.3515198 1.2676872 0.8709901 0.9480126 1.2278558 0.8383043 0.2855151 0.8414328 0.2736024 0.8656377 0.2189482 1.1830188 1.2360351 0.4835215 0.8406502 0.8821870 1.1067755 1.2027557 0.8636157 1.2373760 1.2389655 0.2904140 0.8662262 1.1981130 0.8835912 0.5145876 0.8353997 1.2031953 0.3105061 0.2901734 1.2021611 1.1591403 1.1548290 1.2109875 0.9227283 1.1599960 0.2956665 0.8880069 0.0000000 1.1517201 0.2992912 0.9694984 1.2064383 0.8396297 0.8895847 1.1808047 0.2189482 1.2338383 0.3499519 0.2924318 1.1382718 0.2899908 0.2939498 1.2047981 1.2115843 0.3037739 1.1775561 1.2189824 1.1046535 0.2993195 1.1718112 0.2187446 0.8753392 
NC_020064_i2                 1.0249575 1.1434942 1.3445442 1.0386058 1.2477408 0.9487183 1.1434942 0.9740371 1.1617588 1.1524638 1.0034838 1.1214180 1.1981889 1.1336587 1.1661664 1.1613130 1.1792736 1.0389266 1.0027306 1.2477408 1.1162859 1.1861472 0.9703426 1.4172420 1.1584911 0.2555562 0.2560528 1.2118042 1.1728905 1.3815282 1.1245566 1.2581378 1.1410744 0.1475750 1.1856881 1.2116790 0.9614778 0.1777301 0.9487183 0.9871619 1.1580047 0.1556238 1.1669389 1.1638736 1.1517201 0.0000000 1.2140777 1.2371288 0.9886100 1.1143291 1.1995494 0.2096620 1.1792736 1.0016316 1.1510946 1.0583791 0.0781637 1.1924459 1.2116058 1.0191437 1.0156076 1.1231445 1.0270475 0.9918095 0.9663451 1.1810563 0.9912375 1.1886586 1.2207140 
NC_020064_i3                 1.3072049 0.3429734 1.2360017 1.2845268 0.5264988 1.2329393 0.3429734 1.2681970 0.8558766 0.8945867 1.2458608 0.8510782 0.1592115 0.8421601 0.2682016 0.8810602 0.3394986 1.2170785 1.2568461 0.5264988 0.8378107 0.8776813 1.1114198 1.2624741 0.8790168 1.2444480 1.2487381 0.0498259 0.8642151 1.2021963 0.8776099 0.5565574 0.8549903 1.2579819 0.1582757 0.0481725 1.2029589 1.2040955 1.2329393 1.2140278 0.8732102 1.2153800 0.1652689 0.8813805 0.2992912 1.2140777 0.0000000 0.9705752 1.2094395 0.8359831 0.8839509 1.2367688 0.3394986 1.2545942 0.3395638 0.2981469 1.2049311 0.0480272 0.0452125 1.2699172 1.2717822 0.3217750 1.2448293 1.2370866 1.1098129 0.2169325 1.2180566 0.3348716 0.8583498 
NC_017626_i4b                1.2437122 1.0126909 1.1493793 1.2432497 0.9977881 1.1647294 1.0126909 1.1811338 0.7243223 0.7229016 1.1982382 0.6966224 0.9567005 0.6500023 0.9813675 0.7216539 0.9817827 1.2437242 1.1920020 0.9977881 0.6489042 0.6692552 1.1867304 1.1714673 0.7212311 1.2175879 1.2048341 0.9830126 0.6866400 1.1948503 0.7644119 0.9764563 0.7071640 1.2266451 0.9798968 0.9862485 1.1459375 1.1864521 1.1647294 1.1439615 0.7084737 1.2290080 0.9511202 0.6964511 0.9694984 1.2371288 0.9705752 0.0000000 1.1444683 0.6487950 0.6729062 1.1994609 0.9817827 1.1904806 1.0199687 0.9084123 1.2218214 0.9814673 0.9832589 1.2002908 1.1976828 0.9296622 1.2018671 1.1800250 1.1824357 0.9921429 1.1694722 0.9972493 0.8919440 
NC_006349_i1                 0.6476219 1.1875360 1.3727624 0.6256134 1.2782217 0.5647593 1.1875360 0.6460731 1.0802759 1.1307264 0.5329109 1.1055091 1.2091290 1.0788774 1.2187985 1.1300009 1.2380901 0.7045520 0.5344392 1.2782217 1.0596946 1.1784131 0.6028070 1.4867836 1.1254613 1.0331925 1.0101540 1.2267209 1.1495316 1.3351184 1.1265151 1.2423375 1.1072585 0.9584497 1.2056561 1.2256556 0.5562072 0.9673619 0.5647593 0.0014772 1.1076740 0.9767728 1.2064601 1.1587168 1.2064383 0.9886100 1.2094395 1.1444683 0.0000000 1.0813659 1.1793885 0.9685726 1.2380901 0.5316574 1.1948280 1.1095400 0.9771465 1.2216119 1.2245643 0.6405676 0.6372532 1.1315393 0.6049387 0.0820416 0.5967010 1.2043901 0.6010377 1.2433310 1.3233573 
NC_012779_i4b                1.1632734 0.8415972 1.1055883 1.1638821 0.9207533 1.0972105 0.8415972 1.1381874 0.5453599 0.5669937 1.0735734 0.4341680 0.8665103 0.0415254 0.8308296 0.6186461 0.8392931 1.2007637 1.0844775 0.9207533 0.0420953 0.5810663 1.0836501 1.0621394 0.6179903 1.1259845 1.1316411 0.8448205 0.5927103 1.1242714 0.6040734 0.9144112 0.4163369 1.1269073 0.8534880 0.8467226 1.0740847 1.1032037 1.0972105 1.0810649 0.5452070 1.1040500 0.8545216 0.5649494 0.8396297 1.1143291 0.8359831 0.6487950 1.0813659 0.0000000 0.5844113 1.1439062 0.8392931 1.0826025 0.8481020 0.7789211 1.0966176 0.8405687 0.8528456 1.1432652 1.1422200 0.8425740 1.1408120 1.1123215 1.0853823 0.8567595 1.1060088 0.8233124 0.7236198 
KC432605_i4b                 1.2545322 0.8896182 1.1015723 1.2978515 0.9678921 1.1098014 0.8896182 1.2179915 0.4058686 0.4369172 1.1205245 0.4875112 0.8839206 0.5948942 0.8896746 0.6747477 0.8994669 1.1359530 1.0934873 0.9678921 0.5910015 0.0087766 1.1574567 1.0156738 0.6740464 1.2292063 1.2279920 0.8952443 0.0065646 1.1005240 0.6747014 0.9563463 0.4910565 1.1872551 0.9124362 0.8941495 1.1357695 1.2254327 1.1098014 1.1838262 0.4256537 1.1871193 0.8978603 0.0815441 0.8895847 1.1995494 0.8839509 0.6729062 1.1793885 0.5844113 0.0000000 1.2378746 0.8994669 1.0922108 0.8878623 0.8258229 1.1935671 0.8887477 0.8910215 1.1890458 1.1878045 0.8860930 1.2094648 1.1959871 1.1523244 0.9102839 1.1702894 0.8879078 0.7512407 
NC_012731_2_i2               0.9943896 1.1894895 1.3821803 1.0370502 1.2941283 0.9593840 1.1894895 0.9891038 1.1760205 1.1830124 0.9913444 1.1599495 1.2095223 1.1620006 1.1914882 1.1594055 1.2235324 1.0617594 0.9986335 1.2941283 1.1446974 1.2240163 1.0279907 1.4979636 1.1565505 0.2718984 0.2726728 1.2398470 1.1933984 1.4156210 1.1555627 1.2867104 1.1653282 0.2382205 1.2136096 1.2406628 0.9592061 0.2329354 0.9593840 0.9671400 1.1756399 0.2315523 1.1727282 1.2127022 1.1808047 0.2096620 1.2367688 1.1994609 0.9685726 1.1439062 1.2378746 0.0000000 1.2235324 0.9977326 1.1962966 1.1049312 0.2127434 1.2158838 1.2456066 1.0024507 1.0020892 1.1632380 1.0087032 0.9938681 1.0246624 1.2278713 0.9914245 1.2061339 1.2813488 
NC_002516_i3                 1.2762982 0.3661976 1.2592101 1.2980584 0.5309897 1.2210414 0.3661976 1.2944388 0.8790629 0.9242898 1.2369681 0.8520702 0.3457498 0.8560257 0.2880458 0.8984625 0.0000010 1.2781690 1.2311380 0.5309897 0.8507038 0.8916919 1.1845832 1.2264503 0.8963713 1.2679638 1.2766688 0.3341370 0.8828224 1.2539381 0.8611582 0.5565342 0.8359074 1.2237131 0.3522046 0.3351190 1.2610449 1.2048657 1.2210414 1.2427437 0.9087389 1.1933723 0.3291415 0.8926250 0.2189482 1.1792736 0.3394986 0.9817827 1.2380901 0.8392931 0.8994669 1.2235324 0.0000000 1.2289523 0.3666257 0.3120465 1.1628519 0.3318927 0.3370878 1.2619151 1.2598229 0.3377262 1.2655307 1.2433364 1.1733607 0.3140088 1.2351515 0.0817417 0.8401218 
NC_002516_i1                 0.5773089 1.1838504 1.3778064 0.5242335 1.2856248 0.4476846 1.1838504 0.5639423 1.1181736 1.1453547 0.0852548 1.0988692 1.2319948 1.0856017 1.1947268 1.1316351 1.2289523 0.6120546 0.0014926 1.2856248 1.0632086 1.1058227 0.4458001 1.4357601 1.1271282 1.0312926 1.0331163 1.2595830 1.0664721 1.3707540 1.2109430 1.2210536 1.0976051 0.9790583 1.2629171 1.2578959 0.5342903 1.0231136 0.4476846 0.5289985 1.1287078 0.9840471 1.2179076 1.1432846 1.2338383 1.0016316 1.2545942 1.1904806 0.5316574 1.0826025 1.0922108 0.9977326 1.2289523 0.0000000 1.1910071 1.1119203 0.9836335 1.2609950 1.2545419 0.5167009 0.5194262 1.1732167 0.5021687 0.5346389 0.4436769 1.2340994 0.5101805 1.2240582 1.2692639 
NC_011205_i3                 1.2570110 0.0000010 1.2534613 1.2257806 0.5973075 1.2403534 0.0000010 1.2303274 0.8671071 0.9159406 1.1662921 0.8205918 0.3395229 0.8627558 0.3237479 0.9101736 0.3666257 1.2533629 1.1931215 0.5973075 0.8563745 0.8822892 1.1221027 1.2412773 0.9080624 1.1936498 1.2175204 0.3424360 0.8844674 1.2442308 0.9140556 0.6051985 0.8364082 1.2065995 0.3656244 0.3407927 1.1871701 1.1283940 1.2403534 1.1993731 0.8752831 1.2065884 0.3509735 0.8838003 0.3499519 1.1510946 0.3395638 1.0199687 1.1948280 0.8481020 0.8878623 1.1962966 0.3666257 1.1910071 0.0000000 0.0033899 1.1689284 0.3396196 0.3387375 1.1764721 1.1776464 0.2377685 1.1923851 1.2039893 1.1157264 0.3446484 1.1522836 0.3475861 0.8628888 
